Using device: cpu

Model Structure:
--------------------------------------------------

Key: conv1.weight
Shape: torch.Size([1024, 16, 3, 3])
Type: <class 'torch.Tensor'>
Device: cpu
Values: tensor([[[[ 5.0304e-06, -3.2631e-06,  9.7206e-06],
          [ 1.3584e-05, -5.5099e-06,  5.2135e-06],
          [ 8.2183e-07, -1.1376e-05,  6.0882e-06]],

         [[-3.3386e-06, -1.7664e-06, -4.4233e-06],
          [-1.1689e-05, -9.1552e-06,  3.9320e-06],
          [ 8.9700e-06, -1.3485e-05,  4.2767e-06]],

         [[ 1.1621e-06, -6.9250e-07, -2.4327e-06],
          [ 9.7327e-07, -1.0642e-05, -2.3876e-06],
          [-7.3480e-07, -7.2778e-06,  1.8698e-05]],

         [[-4.5598e-07, -2.0572e-06, -1.0421e-05],
          [-8.3607e-06, -1.8166e-05, -7.4301e-06],
          [ 3.9796e-06,  3.6820e-06, -1.1085e-05]],

         [[-2.2479e-06,  5.2435e-06, -5.1965e-06],
          [-1.9729e-06, -1.0395e-05, -3.9486e-06],
          [ 1.4506e-05,  4.5185e-06, -3.9375e-06]],

         [[-8.1485e-06,  2.0063e-06,  7.8393e-07],
          [ 5.6544e-06,  4.8050e-06, -5.1857e-06],
          [ 9.2212e-06,  4.1842e-06, -3.2545e-07]],

         [[ 9.7912e-06,  1.5095e-05, -2.6242e-06],
          [ 5.7615e-06,  1.3246e-06, -7.2490e-06],
          [ 3.6502e-06,  8.0568e-07,  5.9269e-06]],

         [[-1.8308e-08,  1.9058e-06, -6.0839e-06],
          [ 5.2457e-06,  1.5205e-06, -1.0670e-05],
          [-2.7248e-06, -1.1861e-06, -1.0305e-06]],

         [[-3.3785e-07, -9.0228e-08, -9.4514e-08],
          [ 1.2605e-07,  1.5317e-07,  1.5880e-09],
          [ 3.5118e-07, -1.0837e-07,  5.2152e-08]],

         [[-1.5299e-07, -1.6200e-07, -1.1111e-07],
          [ 2.0088e-07, -6.9592e-09,  2.2608e-08],
          [ 2.1760e-08,  1.0905e-08, -1.7487e-07]],

         [[ 1.0484e-07, -1.9261e-07,  1.3383e-07],
          [-7.0024e-08,  2.1080e-07, -9.2597e-08],
          [-2.5130e-07, -9.6951e-08,  3.1924e-08]],

         [[-6.1092e-08, -2.1771e-07, -1.2257e-07],
          [ 4.9745e-08,  2.1680e-09,  7.1358e-09],
          [ 3.3384e-08, -5.2993e-08, -6.2827e-08]],

         [[-1.5877e-07,  4.2461e-08, -2.5882e-08],
          [-1.8266e-07, -8.2171e-08,  2.1406e-07],
          [ 7.2957e-08,  4.6789e-10, -1.8211e-07]],

         [[-3.8037e-08, -4.8411e-07,  1.7658e-07],
          [-2.3971e-07,  8.9059e-08, -2.8943e-08],
          [ 2.2971e-07,  8.1086e-08,  7.0790e-08]],

         [[-2.1245e-09,  4.8612e-07, -3.1027e-07],
          [-1.7093e-07,  1.8920e-07,  3.0396e-07],
          [-1.2414e-07, -1.1266e-07,  1.5090e-07]],

         [[ 3.5577e-07, -2.2025e-07,  3.3422e-09],
          [ 1.7093e-07, -8.9797e-09, -8.1316e-08],
          [ 2.0218e-08,  6.5831e-08, -1.3226e-07]]],


        [[[-1.0170e-05, -1.4918e-05, -3.3525e-06],
          [-1.3963e-05,  3.3176e-05, -9.5586e-06],
          [-4.7210e-06, -8.8588e-06,  7.1940e-06]],

         [[-1.0752e-05, -1.3069e-05, -9.5929e-06],
          [ 2.5874e-07, -1.3599e-05,  1.0681e-05],
          [ 1.5912e-05,  5.4112e-06, -4.3757e-06]],

         [[-3.2284e-05, -1.5848e-08,  7.1938e-06],
          [-6.1662e-07,  8.4611e-06, -7.2225e-06],
          [-8.7118e-06,  3.4098e-06,  2.9997e-06]],

         [[-1.1814e-05, -1.6522e-05, -1.8403e-05],
          [-2.1903e-05,  1.5999e-06,  4.1959e-06],
          [ 1.2462e-05, -3.6785e-06, -1.0272e-05]],

         [[ 1.0962e-05, -1.0521e-05, -2.3413e-06],
          [ 7.7448e-06, -1.1088e-05,  1.1209e-07],
          [ 1.2812e-05,  2.3652e-06, -2.5884e-07]],

         [[ 3.1618e-06, -2.3227e-06, -6.9931e-06],
          [-9.8113e-06, -4.4276e-06,  8.6185e-07],
          [-8.4838e-06, -7.9506e-06, -1.2816e-05]],

         [[ 7.4745e-06, -1.8611e-05,  1.4890e-05],
          [ 3.0578e-06,  1.7919e-05,  3.3237e-06],
          [-4.3003e-06, -1.7986e-05,  3.0483e-06]],

         [[-3.3702e-06, -6.5610e-06,  4.0298e-06],
          [-5.4353e-06,  5.7539e-06,  1.4418e-05],
          [-8.0423e-06,  4.4912e-06, -3.3923e-06]],

         [[-1.2664e-07, -7.4850e-08,  2.5655e-08],
          [-1.2775e-08, -2.7182e-07,  7.2651e-08],
          [ 1.0784e-07, -1.4290e-07, -7.2661e-08]],

         [[-1.2206e-07,  1.4115e-07,  1.1436e-07],
          [-1.0702e-07, -2.0958e-07, -3.6832e-08],
          [ 3.6128e-07, -7.4129e-08,  3.6631e-07]],

         [[-3.1407e-08,  1.3803e-07,  8.1412e-08],
          [-9.3414e-08,  4.2273e-07,  4.9873e-07],
          [ 5.8677e-08, -2.6851e-07, -7.0857e-08]],

         [[-3.2537e-08, -1.1940e-07,  8.6512e-09],
          [ 6.0262e-08,  1.2021e-07,  1.5333e-08],
          [-2.2806e-07, -2.9518e-09,  5.0609e-09]],

         [[-7.2978e-08, -3.3402e-08,  2.8813e-07],
          [ 5.6820e-09, -6.6479e-09, -4.2131e-07],
          [-2.8669e-07,  4.7171e-07,  4.9753e-07]],

         [[-3.0838e-07,  4.0889e-07, -4.0760e-08],
          [-3.5440e-07,  7.0852e-08,  9.0474e-08],
          [ 1.1635e-07,  3.0651e-08,  1.6702e-07]],

         [[ 2.0505e-07,  1.3066e-09,  1.1168e-07],
          [ 2.3630e-08, -4.9821e-07, -2.3708e-07],
          [-4.9382e-07, -2.9186e-07,  1.8108e-08]],

         [[ 4.8288e-07, -3.0721e-10,  4.9816e-07],
          [ 2.0523e-07,  2.4847e-07, -1.0543e-07],
          [-3.6904e-08, -3.0317e-08,  2.5347e-07]]],


        [[[ 1.1325e-07,  6.4365e-06, -6.4004e-06],
          [ 4.9696e-06, -7.1732e-06, -1.1102e-05],
          [ 1.0473e-05,  5.1886e-06,  3.1558e-06]],

         [[-5.1404e-06,  4.9453e-06,  1.4899e-06],
          [-1.0109e-06,  1.3638e-06, -1.1043e-05],
          [ 7.6297e-07, -2.7218e-07, -4.2078e-06]],

         [[ 5.7344e-06, -5.2801e-07, -1.7257e-06],
          [ 8.3880e-07, -2.4610e-06,  1.0822e-05],
          [-1.9211e-07,  2.0483e-07,  3.3968e-06]],

         [[ 6.5039e-07,  6.7581e-06, -4.7314e-06],
          [-2.3578e-06, -1.6692e-06,  3.8012e-06],
          [-4.3560e-07,  2.2217e-06,  2.5986e-06]],

         [[ 5.2236e-06,  1.2736e-06,  1.3547e-05],
          [ 5.2708e-06, -2.8166e-06, -1.1042e-06],
          [ 3.4894e-06, -1.9682e-06, -2.5786e-06]],

         [[-2.1192e-06, -4.6175e-06,  2.1238e-07],
          [-3.4155e-06,  3.4847e-06, -7.1733e-07],
          [-1.0670e-06, -2.1645e-06, -2.4017e-06]],

         [[ 2.0733e-06,  3.8825e-06,  6.3175e-06],
          [ 3.5241e-06,  3.6986e-06,  8.1604e-06],
          [ 2.2536e-06, -1.7674e-06, -7.9750e-08]],

         [[ 6.5382e-07, -7.3118e-07,  8.9225e-07],
          [ 7.5564e-07, -9.4466e-07,  5.0630e-06],
          [ 1.2232e-06,  1.6773e-06,  1.6035e-06]],

         [[ 2.7212e-07, -4.8061e-08,  1.4174e-08],
          [-1.5984e-07,  4.2441e-07, -1.5246e-07],
          [ 1.1225e-09, -6.1231e-08, -4.6553e-08]],

         [[-8.1331e-08, -2.6319e-08, -1.8111e-08],
          [ 2.1750e-07,  3.8928e-08,  2.2570e-07],
          [ 1.8023e-09,  4.8774e-08,  1.3355e-07]],

         [[-3.8558e-09, -7.8742e-08,  1.6318e-07],
          [ 1.3391e-07, -1.8652e-08, -1.3755e-07],
          [ 3.1331e-08, -1.7393e-08,  1.3139e-07]],

         [[-4.3479e-07,  1.4392e-07, -3.0511e-08],
          [-7.4413e-08,  4.9670e-07,  3.8343e-08],
          [-6.9688e-08,  4.0245e-08,  1.2610e-07]],

         [[-4.6250e-08, -4.5860e-08, -4.1830e-08],
          [-3.0257e-09,  3.5586e-08,  1.0625e-08],
          [-8.2156e-10,  3.1622e-08,  1.8918e-08]],

         [[ 5.2185e-08, -4.8026e-07, -9.2968e-09],
          [-2.1738e-07,  5.7807e-08,  1.8532e-07],
          [ 1.2827e-07,  8.3198e-08, -5.5518e-08]],

         [[-1.8383e-07, -3.5067e-07, -1.8414e-07],
          [ 3.2161e-08,  2.7412e-07,  1.3630e-07],
          [-2.1442e-07,  1.6020e-07,  3.3956e-07]],

         [[-3.4033e-08, -1.0726e-07, -2.6574e-07],
          [-2.9379e-08, -5.1604e-08, -3.5920e-07],
          [ 3.3212e-07, -1.7120e-08, -6.4634e-08]]],


        [[[-8.7367e-06, -1.4226e-05, -1.1814e-05],
          [ 1.6175e-05,  1.6047e-06, -2.1719e-06],
          [-1.0443e-05, -1.3091e-05, -2.5082e-05]],

         [[-1.6336e-05, -2.9511e-06, -2.5785e-05],
          [-1.2866e-05,  6.0473e-07,  1.8690e-05],
          [ 4.1101e-06, -1.3637e-06, -1.9022e-06]],

         [[ 2.7087e-06, -3.4868e-06, -8.7847e-06],
          [ 3.8612e-06, -5.8521e-06,  1.3158e-05],
          [ 2.0431e-05, -4.1354e-06,  2.4463e-07]],

         [[ 3.9703e-06,  1.5842e-06,  3.9784e-06],
          [-1.2130e-05,  5.2584e-06, -3.3701e-06],
          [-1.5139e-05, -9.7660e-06, -5.5064e-06]],

         [[-7.4070e-07, -5.4200e-07, -4.6317e-06],
          [ 1.1835e-05, -1.1208e-05,  2.8088e-06],
          [ 3.6230e-07,  1.2834e-06, -5.7186e-06]],

         [[ 3.8070e-06,  6.2857e-07,  2.4370e-06],
          [ 1.2979e-07,  7.6684e-06, -6.4827e-06],
          [ 6.2860e-06, -2.0231e-07,  2.3847e-06]],

         [[ 8.6683e-06,  9.8701e-07,  1.4605e-06],
          [ 6.0264e-06, -1.4962e-07,  7.2942e-08],
          [ 5.6206e-07, -1.8913e-06, -7.4628e-06]],

         [[ 3.5125e-06, -1.9482e-07, -1.3858e-06],
          [-2.8476e-06,  4.3541e-07,  5.1441e-06],
          [ 1.2638e-06,  3.1399e-07,  7.9683e-07]],

         [[-1.2806e-08,  3.6917e-07, -1.2514e-08],
          [ 1.9181e-08,  1.2853e-07,  4.6910e-07],
          [ 2.2844e-07, -3.6168e-07, -2.0011e-07]],

         [[ 2.2811e-07,  5.5451e-09,  2.1445e-08],
          [-1.9537e-07, -1.5120e-07,  2.2883e-07],
          [ 9.7167e-09, -2.0807e-07, -5.9518e-09]],

         [[ 3.0143e-09,  1.7699e-08, -1.6748e-07],
          [-1.4265e-07,  1.8935e-08, -8.4067e-09],
          [-3.4443e-08,  2.0390e-07, -5.9286e-08]],

         [[ 5.1758e-09,  2.5928e-07, -1.3150e-07],
          [ 3.5381e-07,  8.5206e-08, -1.6896e-08],
          [-1.2974e-09, -1.0979e-07, -3.1015e-07]],

         [[ 1.4875e-07, -1.5643e-07,  7.1635e-08],
          [-1.6788e-07,  1.1457e-08, -9.7915e-08],
          [-1.0325e-07,  4.9789e-07,  4.9210e-07]],

         [[-4.5157e-07,  7.7271e-08, -2.6512e-08],
          [ 5.5489e-08,  6.7535e-08, -1.6796e-07],
          [ 4.8281e-07,  2.8171e-07, -9.1930e-08]],

         [[-2.7449e-07, -6.7449e-08,  3.4725e-07],
          [-7.4918e-08, -1.5220e-07,  4.6748e-07],
          [-2.0943e-08, -2.2540e-07,  2.5738e-09]],

         [[ 4.3056e-08, -5.2486e-09,  4.8140e-07],
          [ 2.8276e-08,  4.6224e-08, -4.5477e-09],
          [ 8.3015e-08,  1.6521e-10, -1.6607e-07]]],


        [[[ 1.0315e-05, -6.9946e-06, -4.3763e-06],
          [ 1.0216e-05,  1.0056e-06, -2.9518e-05],
          [ 1.1357e-05, -5.5061e-06, -5.9819e-06]],

         [[-1.3438e-05, -8.0506e-06, -4.5865e-06],
          [-1.1884e-06,  8.6246e-06, -4.3552e-06],
          [ 8.1658e-06,  5.6593e-06, -2.1298e-05]],

         [[ 5.8413e-06, -4.3835e-06, -4.8080e-06],
          [-3.4668e-06,  1.8722e-05,  1.2052e-05],
          [-9.9769e-06, -3.7454e-07, -2.2145e-05]],

         [[-1.8877e-05, -2.2552e-06,  1.7371e-06],
          [-4.2530e-07,  3.9687e-06, -1.3513e-06],
          [ 7.5959e-07, -1.4151e-05,  3.3033e-06]],

         [[ 1.1107e-06,  1.8931e-06, -4.2767e-06],
          [-3.2226e-06,  1.5494e-06,  2.3132e-06],
          [ 2.5789e-07, -1.1694e-07,  3.3340e-06]],

         [[-1.0206e-05,  4.2480e-06,  8.1190e-06],
          [-1.9915e-08,  6.0988e-06,  1.2178e-05],
          [ 2.8019e-06,  2.3479e-06,  1.2467e-06]],

         [[ 5.7304e-06,  1.5311e-05,  4.4108e-06],
          [ 9.2827e-06,  3.0686e-07,  8.4282e-07],
          [-4.2382e-06,  9.3447e-06, -1.2535e-06]],

         [[-2.3564e-06,  1.3075e-05, -1.0478e-06],
          [-1.3296e-06,  1.7551e-06, -1.3289e-05],
          [ 5.2584e-08, -1.6829e-06,  1.2780e-06]],

         [[-1.6855e-08, -8.0902e-08, -2.1660e-07],
          [-2.4040e-07,  1.1050e-07,  4.6837e-07],
          [ 4.1655e-07, -3.1648e-07, -3.8280e-07]],

         [[-4.6466e-07,  3.6069e-07, -3.9042e-09],
          [ 7.1376e-10, -1.9729e-08,  1.7314e-10],
          [ 9.3945e-08, -1.1759e-07, -9.6929e-08]],

         [[ 9.6439e-09, -1.4298e-07, -9.8183e-08],
          [ 1.7328e-08,  2.4454e-09, -6.5291e-08],
          [ 1.5968e-07,  1.4278e-08,  2.1919e-08]],

         [[ 7.7597e-09, -9.2419e-08,  1.1382e-09],
          [ 4.0799e-07, -3.9569e-08, -4.1127e-07],
          [-3.9847e-09,  6.3015e-08, -1.1455e-07]],

         [[-2.0710e-07, -2.0415e-07, -2.0146e-07],
          [ 5.9356e-08,  6.0833e-08, -1.2486e-07],
          [ 2.2987e-07,  3.7032e-07, -1.4631e-07]],

         [[ 1.3133e-08,  1.1995e-07, -1.3388e-07],
          [-4.0040e-07, -1.4428e-08, -4.6263e-08],
          [ 3.4995e-08,  9.7645e-08,  2.9718e-08]],

         [[-1.8817e-07,  9.1952e-08,  4.4191e-07],
          [-7.8848e-08,  1.2442e-07, -1.1350e-07],
          [-5.5652e-08, -1.9625e-07,  1.4751e-07]],

         [[-2.4775e-09, -3.6304e-07, -1.0634e-09],
          [ 1.8966e-07,  8.2144e-08,  1.7555e-08],
          [-5.1775e-09,  1.1910e-08, -9.6311e-08]]]])

Key: conv1.bias
Shape: torch.Size([1024])
Type: <class 'torch.Tensor'>
Device: cpu
Values: tensor([ 4.0210e-08, -1.2723e-08, -5.3954e-08, -2.4155e-07,  3.2347e-07])

Key: bn1.weight
Shape: torch.Size([1024])
Type: <class 'torch.Tensor'>
Device: cpu
Values: tensor([0.5797, 0.5797, 0.5797, 0.5797, 0.5797])

Key: bn1.bias
Shape: torch.Size([1024])
Type: <class 'torch.Tensor'>
Device: cpu
Values: tensor([ 4.8589e-08, -3.2375e-07,  2.0100e-07,  4.6769e-07, -9.6334e-08])

Key: conv2.weight
Shape: torch.Size([1024, 1024, 3, 3])
Type: <class 'torch.Tensor'>
Device: cpu
Values: tensor([[[[ 5.8328e-07,  2.2851e-08, -6.8309e-08],
          [ 3.6437e-07, -6.6493e-07,  2.1047e-06],
          [-5.1011e-07, -2.8840e-07,  8.1559e-07]],

         [[ 2.3491e-06, -7.0132e-07, -1.4280e-06],
          [-2.2613e-06, -4.9515e-06,  2.2784e-06],
          [-5.2640e-07, -9.4726e-07,  1.2240e-06]],

         [[ 9.1224e-07,  7.4594e-07,  9.5977e-07],
          [-1.9029e-06, -8.3927e-07,  3.8543e-07],
          [ 2.2539e-07,  7.5722e-07, -7.6155e-07]],

         ...,

         [[-3.3751e-07,  8.4427e-07, -1.7489e-06],
          [ 3.9270e-07, -7.5763e-07,  5.6717e-08],
          [ 7.2109e-07, -5.8753e-07,  4.5828e-07]],

         [[-3.5764e-07,  3.9178e-07, -1.4031e-06],
          [ 3.3279e-07,  5.5351e-07,  1.2207e-06],
          [ 4.0009e-06, -4.5518e-07,  1.3603e-06]],

         [[-2.7609e-06,  4.6027e-08,  1.0897e-06],
          [-6.3713e-07,  1.6293e-07,  1.7985e-06],
          [-1.6158e-06, -8.6925e-07, -1.7881e-06]]],


        [[[ 3.8648e-06,  1.5263e-06, -1.4894e-06],
          [ 2.8155e-06,  4.9414e-06, -1.4630e-06],
          [ 1.5351e-06,  1.3813e-06,  2.8337e-06]],

         [[-1.6383e-05, -1.7985e-06,  5.1709e-06],
          [ 8.7177e-06,  4.6548e-06,  1.5854e-06],
          [-1.2793e-05,  2.0440e-06,  3.9436e-06]],

         [[-6.6782e-07, -1.9002e-06, -2.8709e-06],
          [ 2.0331e-07, -1.5029e-06,  2.4467e-06],
          [ 6.9628e-07,  1.1370e-06, -1.0538e-06]],

         ...,

         [[ 5.1821e-07, -2.0835e-06,  4.1867e-06],
          [ 3.3030e-06,  2.9297e-06, -1.7993e-07],
          [-3.3167e-06,  1.3618e-06, -3.8346e-06]],

         [[ 3.5848e-06, -9.1233e-06, -6.8041e-06],
          [-3.4712e-06, -8.6184e-07,  4.0583e-06],
          [ 1.3880e-06, -2.1050e-06, -4.4909e-06]],

         [[ 8.0214e-06, -8.2104e-07,  4.8757e-07],
          [ 1.3286e-05,  1.4739e-06,  3.8653e-06],
          [-9.1080e-07, -1.6564e-07,  1.0698e-06]]],


        [[[ 1.2701e-06, -5.8215e-07, -2.1040e-07],
          [-3.3121e-06, -1.7549e-06, -1.7873e-06],
          [-1.0654e-06, -3.9832e-07, -1.1086e-06]],

         [[-2.0280e-07,  4.3756e-08, -5.1760e-06],
          [-2.0095e-06, -9.2011e-07, -8.4984e-08],
          [-6.5936e-07,  5.0419e-06,  1.1577e-06]],

         [[-1.2651e-06, -1.8625e-06, -5.2015e-07],
          [ 1.1332e-06,  1.7732e-06, -9.4014e-07],
          [-3.7912e-07,  4.5919e-07, -1.2200e-06]],

         ...,

         [[-7.1251e-07,  1.2056e-06, -1.5597e-06],
          [-1.2722e-06, -4.4687e-06, -2.4088e-06],
          [ 5.5052e-07,  2.7965e-06, -2.2257e-06]],

         [[-8.0293e-07, -2.6762e-06, -2.0259e-06],
          [ 9.9914e-07, -4.5394e-06, -2.3264e-06],
          [-4.7474e-07,  2.4623e-06,  3.8868e-07]],

         [[-4.8626e-07,  5.0381e-06, -9.4658e-07],
          [ 1.8071e-07, -2.8623e-06, -3.2090e-06],
          [-6.0772e-06, -1.3317e-06,  3.3699e-06]]],


        [[[-7.2310e-07,  1.8159e-06, -7.2336e-07],
          [-1.5698e-06,  1.1910e-06,  4.0070e-06],
          [-1.5561e-06,  1.7342e-07,  2.8018e-06]],

         [[ 1.6153e-06, -2.6026e-06, -2.5787e-06],
          [-1.9947e-06, -2.2460e-06, -1.5283e-06],
          [-3.6056e-06,  1.6045e-06,  3.5780e-06]],

         [[-9.5216e-07, -2.8695e-07,  4.7955e-08],
          [ 3.9428e-07,  4.0027e-07, -3.1491e-07],
          [ 2.1321e-06, -1.3146e-06,  5.0860e-07]],

         ...,

         [[ 5.7288e-07,  2.1876e-06, -1.8508e-06],
          [-4.1214e-07, -1.2124e-06,  1.9464e-06],
          [-5.4789e-07,  4.6468e-08, -1.5861e-06]],

         [[ 1.8577e-07,  5.6397e-06,  7.4610e-07],
          [-1.9644e-06, -3.8497e-06,  1.0397e-06],
          [ 4.3139e-06, -3.2012e-06,  7.2160e-07]],

         [[ 2.1111e-06, -9.2951e-06, -7.6945e-07],
          [ 4.9488e-07,  2.1770e-06, -2.9399e-07],
          [ 2.0777e-06, -3.5780e-06, -1.6818e-06]]],


        [[[ 1.2650e-08,  8.6680e-07, -2.3186e-06],
          [-9.9396e-07,  3.7839e-06,  7.2581e-07],
          [-7.9409e-08, -2.4620e-06,  3.2194e-07]],

         [[-3.5210e-06,  3.2175e-06,  2.6510e-06],
          [-2.5187e-06, -3.7631e-06,  7.6551e-06],
          [-2.1092e-06,  3.8756e-06,  1.0851e-06]],

         [[-5.3565e-07, -1.5993e-06, -2.9524e-07],
          [ 6.6638e-07, -6.1204e-07,  7.6774e-08],
          [-2.7351e-07, -1.0594e-06, -1.5147e-06]],

         ...,

         [[-7.2197e-07,  1.1647e-06,  1.9209e-06],
          [-1.4901e-06,  2.1968e-06, -3.2861e-07],
          [ 3.3091e-06,  2.0195e-06,  3.3114e-07]],

         [[ 8.8952e-07, -1.9668e-06,  1.5905e-06],
          [ 5.8938e-07, -3.2725e-06, -8.9802e-07],
          [ 1.2816e-06, -2.6901e-06,  5.4336e-06]],

         [[ 2.0952e-07,  1.3319e-06, -1.5816e-06],
          [ 2.4098e-06, -4.0680e-07,  7.6212e-06],
          [-1.5002e-07, -2.2917e-06, -6.0726e-06]]]])

Key: conv2.bias
Shape: torch.Size([1024])
Type: <class 'torch.Tensor'>
Device: cpu
Values: tensor([-9.8545e-08, -8.9898e-10,  3.4315e-07, -3.8293e-07,  2.6631e-07])

Key: bn2.weight
Shape: torch.Size([1024])
Type: <class 'torch.Tensor'>
Device: cpu
Values: tensor([0.5797, 0.5797, 0.5797, 0.5797, 0.5797])

Key: bn2.bias
Shape: torch.Size([1024])
Type: <class 'torch.Tensor'>
Device: cpu
Values: tensor([ 3.1431e-09,  4.6160e-07,  2.3043e-07, -3.5924e-07,  2.1122e-07])

Key: conv3.weight
Shape: torch.Size([512, 1024, 3, 3])
Type: <class 'torch.Tensor'>
Device: cpu
Values: tensor([[[[ 9.0443e-07, -4.6308e-06, -8.2892e-07],
          [ 2.0099e-06, -6.7335e-08, -6.2573e-07],
          [ 3.9140e-07,  1.8112e-06, -1.9824e-06]],

         [[ 1.7047e-06, -6.6257e-06,  2.5095e-06],
          [ 1.2502e-07, -3.5122e-06, -4.2691e-08],
          [-5.4905e-07,  7.4856e-06,  2.1478e-07]],

         [[ 1.5818e-06,  4.0032e-06,  1.9593e-06],
          [ 7.0358e-06,  4.8749e-06,  1.9720e-07],
          [-1.0249e-06, -6.9629e-07, -4.4534e-06]],

         ...,

         [[ 1.0131e-06,  1.0792e-05,  2.1808e-06],
          [ 1.7784e-06, -1.3614e-05,  8.4508e-06],
          [ 5.1784e-07,  3.8599e-06, -1.6857e-07]],

         [[ 9.5208e-07,  7.1085e-07, -1.1897e-06],
          [ 9.8141e-07, -1.2904e-06,  3.5407e-07],
          [ 1.8911e-06,  1.9870e-06,  2.0541e-07]],

         [[ 3.8845e-07, -2.8510e-06,  1.9130e-06],
          [ 1.2301e-06,  4.0174e-06, -2.5111e-06],
          [-5.9057e-07,  4.7775e-07, -1.1668e-06]]],


        [[[-1.8270e-06, -4.3865e-06, -2.5348e-07],
          [-2.6592e-06,  1.2387e-05, -4.9410e-06],
          [-1.6065e-06,  1.4072e-06, -3.4627e-06]],

         [[ 1.6985e-06,  2.6769e-06,  6.3579e-06],
          [ 5.2479e-06,  1.4385e-06, -1.1155e-05],
          [ 1.6890e-06, -6.0131e-06,  3.7233e-06]],

         [[ 2.3122e-08,  1.2199e-06, -1.6647e-06],
          [ 2.4322e-06,  4.3110e-07, -5.9998e-06],
          [-1.3777e-06,  2.3819e-06, -2.0428e-06]],

         ...,

         [[-6.5491e-07,  2.3832e-06, -1.9800e-05],
          [ 3.3074e-06, -1.4126e-06,  3.3741e-05],
          [-2.9173e-07, -5.4200e-06, -3.0972e-06]],

         [[ 1.9421e-06,  1.3787e-06, -3.2473e-06],
          [ 7.1241e-07,  2.7746e-06,  4.5830e-06],
          [ 8.3417e-07, -1.8345e-06, -1.2476e-06]],

         [[ 4.6963e-07,  6.2592e-06, -3.0278e-06],
          [ 1.1703e-07,  6.9416e-07, -6.2877e-06],
          [ 1.1716e-06, -9.2533e-07, -3.3762e-06]]],


        [[[ 1.1312e-06, -2.8263e-06, -1.1767e-07],
          [-1.2427e-06,  5.6913e-07, -2.1312e-06],
          [ 8.0899e-07,  4.8441e-07,  2.5825e-06]],

         [[ 4.5827e-06,  1.3821e-06, -5.3093e-06],
          [ 8.6869e-06,  5.4394e-06,  6.5898e-06],
          [ 6.9884e-06, -1.0158e-05, -3.0337e-06]],

         [[-6.7618e-07, -7.4014e-07,  2.2558e-06],
          [-8.9913e-07,  4.9957e-06, -3.7308e-06],
          [ 9.1780e-06, -2.3991e-06, -3.6360e-06]],

         ...,

         [[-1.0954e-06,  2.9494e-06, -4.3134e-06],
          [ 2.4620e-06,  1.2885e-06, -9.6212e-06],
          [ 3.7422e-06, -9.5290e-06,  7.2941e-06]],

         [[-9.5963e-08,  8.4090e-07, -2.4746e-06],
          [-3.0497e-06,  1.2508e-06,  1.0051e-06],
          [-3.5410e-06,  1.1228e-06,  2.1358e-06]],

         [[ 3.2551e-06, -2.2840e-06, -1.2603e-06],
          [-8.2892e-07, -1.3096e-06,  2.5448e-06],
          [ 3.6984e-07, -2.5688e-06, -5.9999e-06]]],


        [[[ 1.5627e-06, -2.2938e-06,  3.1719e-06],
          [-6.9245e-07, -3.7577e-06,  3.8292e-07],
          [ 2.0096e-06,  2.1564e-07,  6.5288e-07]],

         [[-4.5847e-06, -8.2368e-07, -1.1481e-07],
          [ 2.8980e-06, -4.7963e-06,  1.4405e-06],
          [-9.8498e-06, -1.6571e-06, -1.1706e-06]],

         [[-4.7647e-06,  3.8128e-06, -7.2786e-07],
          [-8.5991e-06, -1.1076e-06,  5.6408e-06],
          [ 2.3567e-06, -5.6859e-06,  6.4533e-07]],

         ...,

         [[ 5.4410e-07, -3.4422e-06,  3.5401e-07],
          [ 8.7431e-07, -1.6416e-05, -1.0151e-05],
          [ 2.4720e-07, -6.5237e-06, -9.9576e-07]],

         [[ 8.6662e-07,  2.9952e-06, -8.6599e-07],
          [-2.7329e-06, -3.2767e-06,  1.4005e-06],
          [-2.7406e-06,  7.2332e-10, -9.8895e-08]],

         [[-4.8480e-07,  3.1672e-06,  2.9282e-06],
          [ 1.1030e-05,  2.1637e-06, -5.3466e-06],
          [-7.9077e-06,  3.6298e-06,  1.1457e-06]]],


        [[[-3.7506e-06,  2.2444e-06, -4.8261e-06],
          [ 1.3913e-06, -3.8203e-06,  1.4608e-06],
          [-1.1115e-06,  8.5618e-08,  8.2456e-07]],

         [[ 1.5346e-06,  1.0566e-06,  2.8574e-06],
          [ 2.6130e-06, -2.0617e-06,  6.6936e-07],
          [ 2.2011e-07,  3.5957e-07, -1.0527e-06]],

         [[ 9.7258e-06, -1.6032e-07, -4.7077e-06],
          [-4.0157e-06, -2.1525e-07, -1.4066e-07],
          [-1.3158e-06,  1.2012e-06,  1.7629e-06]],

         ...,

         [[ 2.7187e-07,  2.6959e-06, -1.9704e-06],
          [-4.7127e-07, -6.9257e-06, -7.5535e-07],
          [-1.4163e-06, -2.9765e-06,  1.3711e-06]],

         [[-2.3008e-06, -5.6579e-07, -2.7155e-07],
          [-5.4075e-06, -4.4126e-06, -6.5967e-07],
          [-5.8656e-07,  5.1487e-07,  8.5052e-08]],

         [[-3.5806e-06,  3.1656e-06,  1.0019e-06],
          [-4.3231e-06, -2.9427e-07,  1.3016e-06],
          [ 3.4679e-07,  1.5934e-06,  2.0242e-07]]]])

Key: conv3.bias
Shape: torch.Size([512])
Type: <class 'torch.Tensor'>
Device: cpu
Values: tensor([-2.7554e-08, -1.2593e-09,  1.4762e-08,  2.4938e-08, -7.5430e-08])

Key: bn3.weight
Shape: torch.Size([512])
Type: <class 'torch.Tensor'>
Device: cpu
Values: tensor([0.5797, 0.5797, 0.5797, 0.5797, 0.5797])

Key: bn3.bias
Shape: torch.Size([512])
Type: <class 'torch.Tensor'>
Device: cpu
Values: tensor([2.8878e-08, 2.5638e-08, 2.1264e-07, 2.6244e-08, 4.7261e-07])

Key: conv4.weight
Shape: torch.Size([512, 512, 3, 3])
Type: <class 'torch.Tensor'>
Device: cpu
Values: tensor([[[[ 9.9587e-08, -7.1431e-07, -4.0563e-06],
          [-3.6099e-06,  6.8074e-07,  1.0136e-06],
          [ 3.4891e-06,  3.1131e-06, -2.0481e-06]],

         [[-1.1935e-07, -1.5933e-06,  2.9150e-06],
          [ 3.2974e-07,  1.7250e-06,  2.8657e-06],
          [-5.9343e-07, -2.2242e-06, -1.1599e-06]],

         [[-4.9421e-07, -9.2941e-07, -1.2436e-06],
          [-3.1590e-06, -1.8084e-06,  1.3221e-08],
          [ 6.2044e-07, -9.5994e-07,  6.6447e-07]],

         ...,

         [[ 3.7640e-06,  4.7775e-06, -1.7365e-06],
          [-3.7395e-06, -1.0728e-06, -1.5799e-06],
          [-9.3305e-07, -4.6905e-06,  7.0834e-07]],

         [[ 8.9848e-07,  5.4021e-06,  8.3837e-07],
          [ 4.7652e-07,  2.1179e-07, -3.7894e-07],
          [-5.2023e-07, -1.5524e-06,  1.3230e-06]],

         [[ 1.9574e-08,  1.3553e-06, -5.0657e-07],
          [-2.4982e-06,  5.0638e-06,  5.6968e-06],
          [-2.8960e-06,  2.9773e-06, -1.9593e-06]]],


        [[[ 4.7269e-06,  6.5394e-06,  1.6842e-06],
          [ 1.9179e-06, -1.9084e-07,  4.0512e-06],
          [ 1.3649e-06, -3.6749e-06,  2.4176e-06]],

         [[-6.3032e-06,  4.3402e-07, -3.0255e-07],
          [-1.2712e-06, -7.2220e-06,  1.7367e-06],
          [ 1.9014e-06, -5.5395e-07, -1.1341e-06]],

         [[-3.0105e-07,  2.6535e-06,  2.8374e-07],
          [-8.8045e-06,  2.0815e-06, -4.0267e-06],
          [ 7.6356e-07, -3.5344e-06, -4.8977e-07]],

         ...,

         [[-3.4485e-06,  1.3503e-06, -7.8812e-07],
          [-1.1589e-06,  4.2805e-06,  4.3584e-06],
          [ 1.3249e-06,  2.9188e-06,  1.2740e-06]],

         [[-3.1263e-06,  4.5707e-06, -2.6063e-08],
          [ 3.2101e-07,  1.5057e-08, -2.2459e-06],
          [ 2.4876e-06,  1.1548e-06, -2.3312e-06]],

         [[-2.7229e-06, -6.9137e-07, -2.5373e-06],
          [ 4.9620e-06, -2.3274e-06, -3.4355e-06],
          [-3.1354e-06,  1.8698e-06,  1.5038e-06]]],


        [[[ 3.8335e-06, -1.4566e-06, -9.5209e-07],
          [-8.6477e-07, -1.4591e-06, -6.4559e-06],
          [-3.9320e-06,  2.0358e-06, -1.5338e-06]],

         [[-3.3729e-06,  9.7132e-08,  2.7964e-06],
          [-1.9300e-06,  4.6427e-06,  7.9090e-06],
          [ 3.3570e-07, -2.3997e-06, -7.3525e-07]],

         [[-2.0936e-06,  3.3941e-06, -2.0158e-06],
          [ 5.4908e-06,  6.1134e-06, -3.0385e-06],
          [-2.1463e-06, -3.7617e-06,  1.0732e-08]],

         ...,

         [[-1.9729e-07, -5.5034e-10, -1.1696e-06],
          [ 1.7479e-07, -4.1271e-06,  6.6387e-06],
          [ 4.4573e-07,  5.9912e-07, -1.5740e-06]],

         [[-9.3645e-07,  1.4331e-06, -8.4585e-07],
          [-2.1432e-06, -1.2508e-06,  1.6774e-06],
          [ 1.1923e-07, -6.0319e-07, -2.1835e-06]],

         [[-1.3691e-06, -1.0289e-06,  2.7049e-06],
          [ 5.6030e-07,  1.0117e-05, -2.2087e-06],
          [-1.7950e-07,  3.1900e-08, -1.8950e-06]]],


        [[[ 4.2397e-06, -6.0819e-06, -1.0907e-07],
          [ 5.3564e-06,  2.5338e-08,  2.9937e-07],
          [-3.3475e-06,  6.6089e-07, -4.3706e-07]],

         [[ 4.5133e-07,  2.3536e-06,  9.2569e-07],
          [-1.4647e-06,  1.9250e-06, -2.9012e-07],
          [ 2.4446e-06,  1.9412e-06,  4.7447e-07]],

         [[ 3.1025e-06, -1.3910e-06,  3.2107e-07],
          [ 2.4866e-06,  1.0197e-06, -1.8289e-06],
          [-7.9327e-06, -4.6040e-06,  2.2952e-06]],

         ...,

         [[ 1.2177e-06,  9.1276e-07,  3.5689e-07],
          [ 5.4105e-07, -1.7587e-06,  3.7978e-06],
          [-1.0398e-06, -3.4396e-07, -1.3820e-06]],

         [[ 5.5400e-07, -5.3648e-06, -1.3781e-06],
          [-7.2152e-07, -2.2112e-06,  8.3888e-07],
          [-3.8771e-06, -4.2092e-06,  1.2162e-06]],

         [[-8.6017e-07,  3.6804e-06,  1.0541e-06],
          [-8.2838e-07, -4.7442e-07, -1.1011e-06],
          [ 1.7241e-06, -4.5697e-06,  3.8677e-07]]],


        [[[ 2.2378e-06, -5.7182e-06, -2.6542e-06],
          [ 8.9686e-07, -2.2853e-06,  1.4405e-06],
          [-6.3091e-07,  8.2652e-07, -3.0406e-07]],

         [[ 1.3210e-06, -3.9197e-06,  8.3251e-07],
          [-2.3495e-06, -3.3687e-06, -2.3854e-06],
          [ 2.3117e-06,  3.9637e-06, -4.4746e-07]],

         [[ 3.4254e-06,  3.1392e-06,  5.0927e-06],
          [ 3.8462e-06, -5.2767e-06, -1.2822e-06],
          [-3.2250e-06, -9.6752e-07,  1.1974e-06]],

         ...,

         [[-2.5421e-06, -1.3825e-06, -5.9207e-07],
          [ 1.3410e-06, -2.0083e-06, -4.2648e-07],
          [ 8.1272e-07,  8.1917e-07,  1.8734e-06]],

         [[-1.6551e-06,  8.7976e-07, -2.5308e-06],
          [-4.7475e-06, -5.1707e-07, -5.7300e-07],
          [-9.7768e-07, -2.6248e-06, -8.2208e-07]],

         [[ 2.8200e-07,  2.7322e-07,  4.7926e-06],
          [-4.9848e-06, -4.2159e-06, -1.7842e-06],
          [ 6.1465e-07, -6.6089e-06, -3.8574e-08]]]])

Key: conv4.bias
Shape: torch.Size([512])
Type: <class 'torch.Tensor'>
Device: cpu
Values: tensor([ 5.8389e-09,  1.4625e-08, -5.4935e-08,  2.4657e-09, -7.2592e-08])

Key: bn4.weight
Shape: torch.Size([512])
Type: <class 'torch.Tensor'>
Device: cpu
Values: tensor([0.5797, 0.5797, 0.5797, 0.5797, 0.5797])

Key: bn4.bias
Shape: torch.Size([512])
Type: <class 'torch.Tensor'>
Device: cpu
Values: tensor([ 1.6123e-07,  5.7185e-07, -7.3071e-09,  5.0468e-07,  1.3715e-07])

Key: conv5.weight
Shape: torch.Size([256, 512, 3, 3])
Type: <class 'torch.Tensor'>
Device: cpu
Values: tensor([[[[ 3.2258e-07, -3.3172e-07, -7.5223e-06],
          [ 2.3089e-07, -1.6071e-05, -4.4548e-06],
          [ 3.7015e-06,  5.9168e-06, -7.5882e-06]],

         [[ 1.1700e-06, -2.8901e-06,  2.6597e-06],
          [ 3.0580e-06, -5.2085e-07, -1.9493e-06],
          [-8.4100e-06,  2.5924e-06,  2.2323e-06]],

         [[ 3.3423e-06,  2.0220e-06, -4.3593e-06],
          [ 6.7615e-06, -4.0663e-06, -2.2854e-06],
          [-1.0637e-06,  4.4469e-06,  1.2389e-07]],

         ...,

         [[ 2.3704e-06,  4.1120e-06, -9.9331e-07],
          [-2.2258e-06, -6.1344e-06,  5.9993e-06],
          [ 2.1028e-06, -9.0863e-07,  7.2515e-07]],

         [[-4.1988e-07, -3.7545e-06,  6.7474e-06],
          [ 4.4633e-06, -3.1034e-06,  1.7375e-07],
          [ 2.3221e-06,  2.6925e-06,  1.1317e-06]],

         [[-3.5516e-06,  1.0140e-05,  4.3884e-06],
          [ 1.9726e-06, -4.7757e-06, -4.3254e-06],
          [ 2.2701e-06,  6.1045e-07,  3.4016e-06]]],


        [[[ 1.3405e-06,  2.3794e-06, -9.7779e-07],
          [-1.9479e-06, -2.9045e-06,  4.0714e-07],
          [-5.0345e-06, -3.9322e-06, -3.9587e-07]],

         [[ 3.4847e-07, -1.1556e-06,  6.7545e-07],
          [-2.1293e-06,  4.1523e-06, -1.3941e-06],
          [-3.3128e-06,  4.1436e-06, -1.2211e-06]],

         [[ 3.3941e-06, -8.7863e-07,  1.3321e-06],
          [ 2.2944e-06, -8.5193e-06,  1.5668e-06],
          [ 6.9164e-07,  5.0689e-06, -1.6615e-06]],

         ...,

         [[ 3.4224e-06,  7.0844e-08, -1.8977e-06],
          [-2.2742e-06,  3.1464e-06,  4.0863e-06],
          [ 1.3314e-06,  3.4529e-07,  2.1219e-08]],

         [[ 1.4623e-06,  1.1163e-06,  8.2589e-07],
          [-1.7684e-06,  1.1620e-06,  1.5625e-06],
          [ 5.9243e-07, -3.0106e-06,  3.9810e-07]],

         [[-6.4881e-06, -1.2653e-06,  2.4714e-06],
          [-6.9968e-06,  1.5550e-05,  3.9738e-06],
          [ 2.3380e-06, -2.1553e-06, -1.3100e-06]]],


        [[[ 4.3609e-06, -2.2133e-08,  3.0161e-06],
          [ 4.2955e-06, -1.8389e-06, -1.3037e-06],
          [-1.8021e-06, -1.7339e-06, -4.7114e-06]],

         [[ 1.9437e-06,  6.0583e-06,  1.5048e-06],
          [-2.4389e-06,  6.7564e-06, -3.2822e-08],
          [ 3.6773e-06, -4.0046e-06,  5.4472e-08]],

         [[-1.2932e-06, -2.7792e-06, -1.4524e-06],
          [-3.2469e-06, -1.7879e-07, -6.0358e-08],
          [-3.9951e-06, -4.2621e-06,  2.6416e-06]],

         ...,

         [[-2.6060e-07,  5.7121e-06,  1.3728e-06],
          [-7.3276e-07,  1.6967e-06,  3.0788e-07],
          [ 3.1382e-06,  5.4666e-07, -8.0540e-07]],

         [[ 1.4295e-06, -7.9467e-06, -8.3228e-07],
          [-2.4289e-06,  5.5178e-06,  6.9319e-07],
          [ 2.9654e-06, -7.9745e-07,  3.1153e-07]],

         [[ 1.0108e-06, -1.2776e-05, -2.3270e-06],
          [-2.0641e-07,  6.5768e-06,  1.9791e-06],
          [-4.5970e-06,  1.4538e-06,  2.0176e-06]]],


        [[[-1.1524e-06,  6.3885e-06,  4.7225e-07],
          [ 4.6031e-06,  1.0921e-05,  4.6506e-06],
          [ 1.3620e-06, -2.1960e-06,  1.5916e-06]],

         [[ 9.1728e-07,  2.0309e-06, -1.4725e-06],
          [ 4.2758e-06,  3.8475e-06, -8.1260e-06],
          [-3.1211e-06, -4.6147e-06,  2.0136e-06]],

         [[ 5.7327e-06,  9.1556e-07,  2.6048e-08],
          [-8.0980e-06, -2.8562e-06,  2.7614e-06],
          [-4.9758e-06, -3.2761e-06, -7.4483e-07]],

         ...,

         [[-1.4416e-06, -4.0811e-06,  1.7350e-06],
          [-1.3632e-07,  3.9929e-07, -2.7023e-06],
          [ 1.9803e-06, -6.3637e-06, -3.8883e-06]],

         [[-2.3405e-07,  3.2028e-06,  1.3437e-07],
          [ 1.4814e-06,  2.9461e-06,  3.2333e-06],
          [ 2.0265e-06, -9.8318e-06, -8.4720e-07]],

         [[-1.3580e-06, -1.0499e-06,  1.5254e-07],
          [ 3.2402e-06, -4.3836e-06,  1.8821e-07],
          [-1.2600e-07, -2.1838e-06, -1.3657e-07]]],


        [[[ 7.2997e-07, -1.8598e-06, -4.7253e-06],
          [ 6.6993e-06,  1.9447e-06,  6.1546e-06],
          [ 4.4699e-06,  5.2508e-06,  2.6543e-06]],

         [[ 9.8872e-07, -3.3540e-06,  7.9911e-07],
          [ 1.7649e-06, -4.2632e-07,  4.6420e-07],
          [ 1.1611e-05, -1.9283e-06,  1.4171e-06]],

         [[ 1.0492e-05, -1.0048e-06,  3.4621e-07],
          [ 7.3815e-07,  4.2635e-06, -8.5136e-07],
          [-2.2283e-06,  3.9649e-06,  1.1730e-06]],

         ...,

         [[ 6.8942e-08,  5.5595e-06,  1.8124e-06],
          [-3.5190e-06, -6.7025e-06, -9.6827e-07],
          [-1.0624e-06,  1.6914e-06,  3.9080e-07]],

         [[-6.3309e-06, -5.8832e-06,  3.1288e-06],
          [-1.1771e-05,  5.2264e-06,  2.6732e-06],
          [-7.6822e-07,  6.9825e-07, -1.8685e-06]],

         [[ 2.4488e-06, -6.6672e-07, -2.1381e-06],
          [ 1.4588e-06, -1.0258e-06,  6.6141e-08],
          [-3.1807e-06, -3.4414e-06,  7.4513e-07]]]])

Key: conv5.bias
Shape: torch.Size([256])
Type: <class 'torch.Tensor'>
Device: cpu
Values: tensor([ 5.4395e-09, -2.9918e-08,  6.6815e-09,  8.3148e-11, -3.7096e-08])

Key: bn5.weight
Shape: torch.Size([256])
Type: <class 'torch.Tensor'>
Device: cpu
Values: tensor([0.5797, 0.5797, 0.5797, 0.5797, 0.5797])

Key: bn5.bias
Shape: torch.Size([256])
Type: <class 'torch.Tensor'>
Device: cpu
Values: tensor([-1.8961e-08, -1.7745e-07,  3.3929e-07,  1.3786e-07,  2.7453e-07])

Key: conv6.weight
Shape: torch.Size([256, 256, 3, 3])
Type: <class 'torch.Tensor'>
Device: cpu
Values: tensor([[[[-1.7659e-06,  5.3843e-06, -1.0385e-05],
          [ 3.1316e-06, -5.3589e-06, -8.8555e-06],
          [-1.4854e-05, -5.3828e-06,  1.5143e-06]],

         [[-3.1630e-06,  4.1109e-06,  1.5926e-06],
          [ 2.7200e-06,  4.4923e-06,  9.3669e-06],
          [-4.4616e-06,  1.1193e-05,  1.8701e-05]],

         [[ 5.2282e-07,  9.1712e-07,  4.9703e-06],
          [-5.4885e-06, -5.6453e-07,  1.0539e-05],
          [-1.3798e-06,  7.0774e-06, -3.9358e-06]],

         ...,

         [[-1.9116e-06,  7.7690e-06,  3.9347e-06],
          [-8.7092e-06,  5.6092e-06, -4.5213e-06],
          [ 3.6605e-06, -3.0829e-06,  6.0636e-06]],

         [[ 2.7687e-06,  3.4863e-06,  2.1691e-06],
          [ 7.9874e-06,  7.6317e-06, -2.1861e-06],
          [-1.7373e-06,  3.2256e-06, -2.4583e-08]],

         [[ 6.4277e-07,  4.6984e-07, -4.5656e-06],
          [ 8.2180e-06, -1.2111e-06, -1.5575e-05],
          [ 4.2666e-06,  1.4270e-06,  5.6519e-06]]],


        [[[-4.2416e-07, -2.5794e-06, -5.8587e-06],
          [-1.1496e-06,  8.0581e-06, -2.1869e-06],
          [ 7.6812e-07,  1.8197e-05,  9.4801e-06]],

         [[ 1.3291e-06, -4.6908e-06, -2.5047e-06],
          [-3.1126e-06, -2.7364e-06,  6.6303e-06],
          [ 2.3332e-07, -6.5955e-07, -1.0754e-05]],

         [[ 2.0731e-06, -6.5961e-06, -8.5893e-06],
          [ 3.5799e-06, -3.5080e-07, -2.6668e-06],
          [-1.3172e-06, -6.9292e-06, -1.7299e-06]],

         ...,

         [[ 2.0321e-06, -2.1808e-06,  3.8465e-06],
          [-1.9058e-06,  3.4031e-06, -1.8047e-06],
          [ 6.9007e-07, -3.9531e-06, -6.3728e-06]],

         [[ 5.4063e-07, -6.4505e-06,  3.8233e-06],
          [ 1.0900e-06,  6.7770e-06, -3.1973e-06],
          [ 5.1055e-06, -7.7454e-07, -4.1707e-06]],

         [[ 6.8316e-07,  1.8690e-06, -4.2763e-06],
          [-1.9467e-06,  5.8945e-06, -9.6768e-07],
          [-7.0907e-08,  8.4751e-07,  8.0904e-07]]],


        [[[ 1.7617e-06,  2.8215e-06, -3.5823e-06],
          [ 6.9092e-06,  1.3641e-06, -1.9804e-06],
          [-5.3071e-06,  5.7643e-06,  1.1870e-06]],

         [[ 6.0198e-06, -4.6559e-06,  8.1772e-07],
          [-9.2045e-07,  5.0817e-06, -1.0629e-05],
          [-2.4540e-06, -4.9945e-06,  6.8525e-06]],

         [[-1.6506e-06,  8.0458e-06,  4.3836e-07],
          [-5.1392e-06, -4.5592e-06, -7.8837e-07],
          [ 2.9932e-06, -3.6315e-06, -4.6704e-07]],

         ...,

         [[ 2.4640e-07, -3.7209e-06,  5.6430e-06],
          [ 3.4563e-06,  7.4272e-06, -5.9985e-06],
          [-3.4131e-06,  6.9491e-07,  4.7562e-06]],

         [[ 3.3419e-06,  6.8422e-06,  4.2887e-06],
          [ 4.8027e-06, -6.8941e-06, -1.3735e-06],
          [ 3.8278e-06,  6.4873e-06, -3.2774e-07]],

         [[-4.8497e-06, -8.6572e-06, -2.7332e-06],
          [ 4.2348e-06,  1.0004e-05, -5.4815e-06],
          [-6.3053e-07,  2.2445e-06,  1.2969e-05]]],


        [[[-4.7360e-06,  2.6331e-06, -4.4220e-06],
          [-1.9917e-06,  8.7502e-06,  2.4002e-06],
          [ 2.5578e-06,  5.9954e-06, -4.1315e-06]],

         [[-4.7458e-06,  4.8911e-06,  5.2341e-07],
          [ 4.1405e-06,  1.8020e-06,  9.9630e-06],
          [ 9.0768e-07, -2.3579e-06, -3.0443e-06]],

         [[-3.4346e-06,  4.2199e-06,  3.9894e-06],
          [ 3.2726e-06, -8.2099e-06, -5.7726e-06],
          [-5.1155e-07, -4.2910e-07,  2.6060e-06]],

         ...,

         [[-4.3125e-06, -1.0334e-07, -4.9087e-06],
          [-1.8875e-06,  4.1118e-06,  1.4184e-06],
          [ 2.9449e-07,  1.3052e-06, -4.8397e-06]],

         [[ 4.2830e-06,  5.7654e-06, -6.1320e-07],
          [-1.7356e-07,  7.8825e-07, -3.1514e-06],
          [-7.2949e-08, -1.2584e-06, -3.0735e-06]],

         [[-3.8215e-06, -4.0291e-07, -4.2977e-06],
          [-2.7740e-06, -3.9605e-07, -1.0110e-06],
          [-1.3160e-06,  4.9699e-06, -1.3499e-07]]],


        [[[-7.4379e-07, -1.7918e-05,  3.7531e-06],
          [ 1.6226e-06, -1.0186e-05,  1.5139e-05],
          [ 2.2062e-06,  1.4540e-05, -9.3742e-06]],

         [[-3.0794e-06,  3.3977e-07,  2.5502e-06],
          [-6.9629e-06, -1.3383e-05, -1.9165e-06],
          [-2.8271e-06, -1.0102e-05, -3.6706e-06]],

         [[-6.7855e-07,  4.2127e-06, -1.7490e-06],
          [-6.7636e-06, -4.7643e-06,  4.8252e-06],
          [-2.9266e-06, -6.5943e-06,  2.8783e-06]],

         ...,

         [[ 3.0870e-07,  1.3127e-06,  4.5312e-07],
          [-1.0485e-05,  2.9616e-05,  6.4221e-06],
          [ 1.5355e-06, -3.3665e-06, -6.0626e-06]],

         [[-1.0416e-06,  1.9498e-06, -1.2654e-06],
          [ 2.8317e-06,  6.7444e-06, -6.6288e-06],
          [-2.6340e-06, -1.7879e-06,  5.1263e-06]],

         [[ 2.2843e-06,  3.1252e-07, -2.7666e-06],
          [-2.1244e-06,  1.4107e-06, -1.0383e-05],
          [ 7.0803e-07,  3.6864e-06,  3.8501e-06]]]])

Key: conv6.bias
Shape: torch.Size([256])
Type: <class 'torch.Tensor'>
Device: cpu
Values: tensor([ 5.7772e-09,  4.2215e-08,  2.9566e-08, -1.3326e-08, -1.2644e-08])

Key: bn6.weight
Shape: torch.Size([256])
Type: <class 'torch.Tensor'>
Device: cpu
Values: tensor([0.5797, 0.5797, 0.5797, 0.5797, 0.5797])

Key: bn6.bias
Shape: torch.Size([256])
Type: <class 'torch.Tensor'>
Device: cpu
Values: tensor([-5.9428e-08, -1.3720e-06,  1.9323e-06,  1.9201e-07, -2.0128e-06])

Key: conv7.weight
Shape: torch.Size([128, 256, 1, 1])
Type: <class 'torch.Tensor'>
Device: cpu
Values: tensor([[[[-7.9453e-07]],

         [[-7.4920e-06]],

         [[-8.7151e-07]],

         ...,

         [[ 3.9051e-06]],

         [[-1.1776e-06]],

         [[ 4.9655e-06]]],


        [[[ 5.8286e-06]],

         [[-3.7645e-07]],

         [[ 5.2205e-06]],

         ...,

         [[ 3.8478e-07]],

         [[-1.5472e-06]],

         [[ 2.7964e-06]]],


        [[[-5.7250e-06]],

         [[-1.6802e-06]],

         [[ 5.5538e-06]],

         ...,

         [[ 1.4420e-06]],

         [[ 2.9866e-06]],

         [[ 2.8963e-06]]],


        [[[ 2.8718e-05]],

         [[-3.0181e-05]],

         [[ 2.5641e-05]],

         ...,

         [[ 1.2331e-05]],

         [[-3.9177e-06]],

         [[-2.8203e-06]]],


        [[[ 8.4480e-06]],

         [[-1.9492e-06]],

         [[ 3.6245e-07]],

         ...,

         [[-2.7242e-06]],

         [[-3.3051e-06]],

         [[-4.0467e-07]]]])

Key: conv7.bias
Shape: torch.Size([128])
Type: <class 'torch.Tensor'>
Device: cpu
Values: tensor([ 1.9382e-07, -1.1037e-06, -1.6352e-05, -6.3296e-06,  8.7331e-06])

Key: ln7.weight
Shape: torch.Size([128, 1, 1])
Type: <class 'torch.Tensor'>
Device: cpu
Values: tensor([[[0.5797]],

        [[0.5797]],

        [[0.5797]],

        [[0.5797]],

        [[0.5797]]])

Key: ln7.bias
Shape: torch.Size([128, 1, 1])
Type: <class 'torch.Tensor'>
Device: cpu
Values: tensor([[[-2.7133e-08]],

        [[-7.5912e-08]],

        [[-4.8774e-07]],

        [[-6.0973e-07]],

        [[-2.4824e-07]]])

Key: conv8.weight
Shape: torch.Size([128, 128, 1, 1])
Type: <class 'torch.Tensor'>
Device: cpu
Values: tensor([[[[-7.5296e-07]],

         [[ 7.4695e-07]],

         [[-8.2442e-07]],

         [[-2.3305e-06]],

         [[ 5.3208e-07]],

         [[-7.3401e-07]],

         [[-1.0282e-07]],

         [[-9.9657e-07]],

         [[ 2.1363e-06]],

         [[-8.3340e-07]],

         [[ 3.7048e-07]],

         [[-4.9467e-07]],

         [[ 5.8861e-08]],

         [[-4.5903e-07]],

         [[ 1.8113e-07]],

         [[-5.6687e-07]],

         [[ 3.1353e-06]],

         [[-1.7444e-06]],

         [[-1.4325e-08]],

         [[-8.6291e-07]],

         [[-2.9559e-07]],

         [[-1.0959e-07]],

         [[ 5.5635e-07]],

         [[-4.4432e-07]],

         [[ 1.5012e-06]],

         [[ 4.8727e-08]],

         [[-1.8911e-06]],

         [[ 1.1224e-07]],

         [[ 3.6214e-07]],

         [[-1.4945e-06]],

         [[ 2.1357e-07]],

         [[-1.4328e-06]],

         [[-4.1296e-07]],

         [[-1.9894e-07]],

         [[ 2.0804e-07]],

         [[-1.0529e-06]],

         [[-6.3345e-07]],

         [[-3.1266e-07]],

         [[-1.3027e-06]],

         [[-1.5236e-06]],

         [[-2.3485e-08]],

         [[ 1.1879e-06]],

         [[-9.5364e-07]],

         [[-6.6844e-07]],

         [[-9.5937e-07]],

         [[-8.0137e-07]],

         [[-7.6572e-07]],

         [[-9.5937e-07]],

         [[-1.9891e-06]],

         [[-1.1998e-06]],

         [[-1.9378e-06]],

         [[-4.2212e-07]],

         [[ 6.0643e-07]],

         [[ 1.4409e-07]],

         [[ 2.4346e-07]],

         [[ 3.8634e-07]],

         [[ 7.4855e-07]],

         [[-2.8252e-07]],

         [[-3.1691e-08]],

         [[-7.1948e-07]],

         [[-1.5356e-07]],

         [[-2.1976e-06]],

         [[-1.3590e-06]],

         [[-3.1071e-07]],

         [[ 1.5428e-07]],

         [[-4.9522e-07]],

         [[-3.3112e-07]],

         [[-4.0716e-07]],

         [[-3.3513e-07]],

         [[ 3.3284e-06]],

         [[-4.5009e-07]],

         [[ 1.3177e-06]],

         [[ 6.0155e-07]],

         [[ 5.6482e-08]],

         [[ 5.4856e-07]],

         [[-1.0731e-06]],

         [[-2.3003e-07]],

         [[ 1.2133e-06]],

         [[ 2.4828e-08]],

         [[ 3.9160e-08]],

         [[ 6.9422e-07]],

         [[-2.7340e-06]],

         [[-1.8253e-05]],

         [[-1.2706e-06]],

         [[ 2.9348e-07]],

         [[ 5.4682e-06]],

         [[-8.0764e-07]],

         [[-3.2907e-07]],

         [[ 4.1181e-09]],

         [[-7.7847e-07]],

         [[ 2.2715e-07]],

         [[-9.4802e-08]],

         [[ 9.2685e-07]],

         [[-2.7466e-07]],

         [[ 5.9716e-07]],

         [[ 1.5687e-06]],

         [[ 5.8834e-07]],

         [[-3.2777e-07]],

         [[ 2.8003e-06]],

         [[-1.7010e-06]],

         [[ 2.5689e-07]],

         [[-6.2446e-07]],

         [[ 1.8748e-06]],

         [[ 5.2812e-06]],

         [[-3.2526e-07]],

         [[-1.8422e-06]],

         [[ 6.9837e-06]],

         [[-1.2160e-06]],

         [[ 2.3036e-06]],

         [[ 8.6900e-07]],

         [[-3.4924e-07]],

         [[-8.8310e-07]],

         [[-3.6477e-07]],

         [[ 8.3532e-07]],

         [[-7.9597e-07]],

         [[ 1.6353e-07]],

         [[ 2.0891e-06]],

         [[ 5.9948e-07]],

         [[ 3.3994e-07]],

         [[ 7.2139e-07]],

         [[-1.8080e-06]],

         [[-9.3683e-07]],

         [[ 9.8635e-07]],

         [[ 4.9382e-07]],

         [[ 6.1124e-07]],

         [[-3.5485e-07]],

         [[ 1.0430e-06]],

         [[ 1.5808e-06]]],


        [[[-2.4367e-06]],

         [[-7.1881e-07]],

         [[ 1.1252e-06]],

         [[ 4.1508e-05]],

         [[ 1.3646e-07]],

         [[-1.4435e-06]],

         [[-5.2218e-06]],

         [[-1.0786e-06]],

         [[-2.8618e-05]],

         [[ 2.8975e-06]],

         [[ 3.3569e-06]],

         [[ 4.4119e-06]],

         [[ 6.5420e-06]],

         [[-1.6692e-07]],

         [[ 5.0106e-06]],

         [[ 5.0386e-06]],

         [[-1.6504e-05]],

         [[-1.1957e-05]],

         [[ 6.7001e-06]],

         [[ 1.1051e-05]],

         [[ 2.3291e-06]],

         [[-1.5340e-06]],

         [[-7.0810e-08]],

         [[-1.8498e-07]],

         [[ 3.6776e-06]],

         [[-6.8702e-06]],

         [[-1.1588e-07]],

         [[-3.9026e-07]],

         [[ 1.2180e-06]],

         [[ 7.5743e-07]],

         [[ 2.8308e-06]],

         [[-6.5458e-07]],

         [[ 8.9847e-06]],

         [[ 3.8696e-07]],

         [[ 1.0057e-06]],

         [[-1.2883e-06]],

         [[-1.6179e-06]],

         [[-4.1399e-06]],

         [[-2.6475e-06]],

         [[-1.4524e-06]],

         [[ 5.0760e-07]],

         [[-3.8796e-06]],

         [[ 3.0590e-06]],

         [[-5.4567e-08]],

         [[-3.5158e-06]],

         [[ 1.0839e-06]],

         [[-2.0799e-06]],

         [[ 1.7274e-07]],

         [[-2.2864e-06]],

         [[ 8.3208e-06]],

         [[ 1.1554e-05]],

         [[-1.7503e-06]],

         [[-2.1110e-07]],

         [[ 1.3542e-06]],

         [[ 3.7189e-07]],

         [[ 8.9418e-07]],

         [[-2.6148e-07]],

         [[-2.8182e-07]],

         [[ 1.8575e-06]],

         [[-5.0143e-06]],

         [[ 5.1014e-06]],

         [[-8.5669e-07]],

         [[ 7.4182e-07]],

         [[-1.8513e-06]],

         [[ 8.9188e-07]],

         [[ 1.3157e-07]],

         [[-1.4600e-06]],

         [[ 3.0238e-08]],

         [[-1.2788e-06]],

         [[-1.4654e-05]],

         [[ 4.1617e-07]],

         [[-6.3037e-06]],

         [[ 1.7050e-07]],

         [[ 5.7463e-06]],

         [[ 1.0064e-06]],

         [[-1.0199e-06]],

         [[ 1.4876e-06]],

         [[-3.8843e-06]],

         [[ 1.7854e-07]],

         [[ 7.4513e-07]],

         [[ 5.3819e-07]],

         [[-8.8841e-06]],

         [[-8.9113e-05]],

         [[-6.9217e-06]],

         [[-4.0765e-06]],

         [[-2.8062e-05]],

         [[ 3.0232e-06]],

         [[-5.2222e-06]],

         [[-2.5621e-06]],

         [[ 2.2212e-06]],

         [[ 7.3913e-07]],

         [[ 4.1083e-07]],

         [[ 2.7829e-06]],

         [[ 6.4784e-07]],

         [[-5.6981e-06]],

         [[ 3.6015e-06]],

         [[-2.5820e-06]],

         [[-1.0177e-06]],

         [[-2.7531e-05]],

         [[-7.3591e-07]],

         [[-3.4625e-06]],

         [[ 2.2745e-06]],

         [[-9.6781e-06]],

         [[ 5.4334e-06]],

         [[ 4.4161e-06]],

         [[ 1.5015e-06]],

         [[ 8.2778e-06]],

         [[ 6.9296e-07]],

         [[ 1.3571e-05]],

         [[ 7.9927e-06]],

         [[ 1.8131e-06]],

         [[-2.9125e-06]],

         [[ 9.8382e-07]],

         [[-2.3613e-06]],

         [[-2.7635e-06]],

         [[ 1.1124e-05]],

         [[ 1.2295e-05]],

         [[ 1.2148e-06]],

         [[-3.8669e-06]],

         [[ 2.2561e-07]],

         [[ 2.5171e-05]],

         [[-1.3031e-06]],

         [[ 1.8121e-06]],

         [[ 2.8027e-06]],

         [[ 3.0685e-07]],

         [[-6.0662e-07]],

         [[-1.8844e-06]],

         [[-5.7147e-06]]],


        [[[ 8.4289e-07]],

         [[-5.8246e-07]],

         [[ 3.8963e-08]],

         [[ 2.4938e-06]],

         [[-1.1884e-06]],

         [[ 2.6833e-06]],

         [[ 1.3409e-06]],

         [[ 4.3681e-08]],

         [[-1.6377e-06]],

         [[ 9.8090e-07]],

         [[ 4.2038e-07]],

         [[-4.8043e-07]],

         [[ 4.4670e-06]],

         [[ 8.1218e-09]],

         [[-1.2801e-06]],

         [[-4.8698e-08]],

         [[-8.0346e-07]],

         [[-5.7034e-06]],

         [[-8.9440e-07]],

         [[-3.0911e-06]],

         [[ 7.0105e-07]],

         [[ 7.6505e-08]],

         [[-6.1139e-07]],

         [[-2.8125e-07]],

         [[ 3.6042e-07]],

         [[-4.0630e-06]],

         [[-1.1251e-06]],

         [[-1.1293e-07]],

         [[-4.6843e-08]],

         [[ 2.9358e-07]],

         [[ 2.2299e-07]],

         [[ 3.7165e-08]],

         [[-1.9253e-06]],

         [[-2.0872e-07]],

         [[-2.9297e-07]],

         [[ 5.2476e-07]],

         [[-8.5286e-07]],

         [[-9.0344e-08]],

         [[ 1.8706e-06]],

         [[ 1.0955e-06]],

         [[-1.1594e-07]],

         [[-3.0956e-07]],

         [[ 1.7125e-06]],

         [[-3.7531e-07]],

         [[ 1.5785e-06]],

         [[ 1.3048e-06]],

         [[ 9.8398e-07]],

         [[ 1.9783e-07]],

         [[ 6.0307e-07]],

         [[ 1.2796e-06]],

         [[ 9.8542e-07]],

         [[ 1.3792e-06]],

         [[ 5.4986e-08]],

         [[ 2.8720e-07]],

         [[-4.6674e-07]],

         [[-5.6848e-07]],

         [[-1.0749e-07]],

         [[ 8.0791e-08]],

         [[ 1.3332e-06]],

         [[ 1.3067e-06]],

         [[-4.1427e-06]],

         [[ 8.2982e-07]],

         [[ 4.7436e-07]],

         [[-1.3568e-07]],

         [[ 2.0210e-07]],

         [[ 2.2334e-07]],

         [[-7.6327e-07]],

         [[ 2.3945e-07]],

         [[ 2.7233e-07]],

         [[-1.4703e-06]],

         [[-2.5028e-06]],

         [[-2.6639e-08]],

         [[ 3.3073e-07]],

         [[ 4.1546e-07]],

         [[-2.0350e-08]],

         [[ 1.0021e-07]],

         [[ 5.1097e-07]],

         [[-3.3320e-06]],

         [[-1.1499e-07]],

         [[ 3.8275e-07]],

         [[-2.5191e-07]],

         [[ 2.1836e-06]],

         [[-2.2328e-06]],

         [[-2.5071e-07]],

         [[-7.4063e-07]],

         [[ 9.8030e-07]],

         [[-3.8178e-06]],

         [[ 1.4354e-06]],

         [[ 7.1308e-07]],

         [[-1.5546e-07]],

         [[-2.9329e-07]],

         [[-1.7463e-07]],

         [[ 2.2747e-07]],

         [[ 1.1025e-08]],

         [[ 6.8288e-07]],

         [[-3.5871e-07]],

         [[ 8.8198e-07]],

         [[ 1.4829e-06]],

         [[-1.3174e-07]],

         [[ 4.6784e-07]],

         [[ 5.0205e-08]],

         [[-1.1285e-07]],

         [[-5.4508e-06]],

         [[ 1.7196e-06]],

         [[-8.1007e-07]],

         [[ 2.3198e-06]],

         [[-9.8656e-07]],

         [[-1.8619e-06]],

         [[ 1.1101e-06]],

         [[-7.2278e-07]],

         [[ 1.4057e-06]],

         [[ 5.6065e-07]],

         [[-5.9295e-07]],

         [[ 6.4304e-07]],

         [[ 1.4080e-06]],

         [[-2.6092e-06]],

         [[ 3.4856e-07]],

         [[-2.7269e-07]],

         [[ 1.2736e-06]],

         [[-1.3048e-06]],

         [[-2.0315e-06]],

         [[-5.5734e-07]],

         [[-2.9550e-07]],

         [[-3.4337e-06]],

         [[ 4.5987e-07]],

         [[-2.5362e-07]],

         [[-6.8068e-07]],

         [[-1.4023e-06]]],


        [[[ 7.2451e-07]],

         [[ 9.3265e-07]],

         [[ 6.0779e-07]],

         [[-1.9534e-06]],

         [[-2.5175e-07]],

         [[-7.4517e-07]],

         [[ 2.1450e-07]],

         [[ 7.6172e-07]],

         [[ 2.7600e-07]],

         [[-6.5582e-08]],

         [[-5.1040e-08]],

         [[ 2.1926e-07]],

         [[-1.1817e-07]],

         [[ 1.1442e-06]],

         [[ 2.1875e-07]],

         [[-2.1886e-07]],

         [[-3.9975e-07]],

         [[-1.1442e-06]],

         [[ 2.5761e-07]],

         [[-3.2938e-08]],

         [[-2.1361e-07]],

         [[ 2.7790e-07]],

         [[-2.9952e-07]],

         [[ 3.9768e-07]],

         [[-5.5488e-07]],

         [[ 3.3179e-07]],

         [[-1.7731e-06]],

         [[-2.2223e-07]],

         [[ 7.8467e-07]],

         [[-3.3142e-07]],

         [[ 3.6437e-07]],

         [[ 1.0950e-07]],

         [[ 1.0762e-06]],

         [[ 2.4208e-07]],

         [[-5.5517e-08]],

         [[-4.4866e-07]],

         [[ 9.5124e-07]],

         [[-7.6395e-07]],

         [[-6.9316e-07]],

         [[-5.9173e-07]],

         [[-5.0946e-08]],

         [[-4.0222e-07]],

         [[ 9.5826e-06]],

         [[-1.0095e-07]],

         [[-1.9373e-07]],

         [[-7.3330e-07]],

         [[-1.1706e-06]],

         [[-3.6354e-07]],

         [[-1.4962e-07]],

         [[-4.9340e-07]],

         [[ 5.2625e-06]],

         [[-1.7394e-09]],

         [[ 5.2619e-07]],

         [[ 8.7843e-07]],

         [[ 5.3743e-07]],

         [[ 8.3464e-07]],

         [[ 8.5601e-07]],

         [[ 1.4901e-07]],

         [[ 1.1301e-06]],

         [[ 4.2641e-07]],

         [[-6.4677e-08]],

         [[ 4.0171e-08]],

         [[ 7.6478e-07]],

         [[ 1.2310e-07]],

         [[-6.3655e-07]],

         [[ 1.2425e-06]],

         [[ 8.1191e-09]],

         [[ 5.7379e-07]],

         [[ 1.1478e-06]],

         [[-1.0180e-06]],

         [[-4.7549e-07]],

         [[-4.6293e-07]],

         [[-3.7088e-07]],

         [[ 1.3987e-06]],

         [[-9.0770e-07]],

         [[-3.9428e-07]],

         [[-2.7183e-06]],

         [[-4.0537e-07]],

         [[ 1.2322e-06]],

         [[-1.6119e-07]],

         [[ 8.0786e-07]],

         [[ 9.5499e-08]],

         [[ 2.7598e-06]],

         [[ 2.4294e-07]],

         [[-2.1228e-07]],

         [[-3.3850e-07]],

         [[-7.0947e-08]],

         [[ 1.3952e-06]],

         [[ 9.3399e-07]],

         [[-4.9461e-07]],

         [[-4.1652e-07]],

         [[-1.0493e-07]],

         [[ 5.5957e-07]],

         [[-6.6676e-07]],

         [[ 2.1196e-07]],

         [[-4.2420e-07]],

         [[ 7.2693e-08]],

         [[ 1.6622e-07]],

         [[-2.2357e-07]],

         [[-4.4961e-07]],

         [[ 4.1945e-08]],

         [[ 4.8844e-07]],

         [[ 3.1193e-06]],

         [[-1.2836e-07]],

         [[ 2.6269e-08]],

         [[-1.9243e-07]],

         [[-4.1677e-07]],

         [[-1.8271e-07]],

         [[ 6.9384e-07]],

         [[-1.8897e-07]],

         [[-8.4637e-07]],

         [[-3.4912e-07]],

         [[-5.1580e-07]],

         [[ 2.5533e-08]],

         [[ 8.6331e-07]],

         [[ 1.0692e-06]],

         [[-3.6152e-07]],

         [[ 3.3181e-07]],

         [[-3.9297e-07]],

         [[ 1.3804e-08]],

         [[-3.4706e-07]],

         [[ 2.1172e-07]],

         [[-5.7941e-07]],

         [[ 4.8989e-07]],

         [[ 1.0751e-06]],

         [[-6.7256e-07]],

         [[ 1.3793e-07]],

         [[-3.1492e-07]]],


        [[[-1.4807e-06]],

         [[ 9.3330e-08]],

         [[ 5.3171e-07]],

         [[ 8.5354e-06]],

         [[ 3.7761e-07]],

         [[ 1.7514e-06]],

         [[ 1.3240e-06]],

         [[-2.5758e-07]],

         [[ 1.7450e-06]],

         [[ 5.2924e-07]],

         [[ 6.9428e-07]],

         [[-1.1739e-07]],

         [[-1.4504e-06]],

         [[ 9.3144e-08]],

         [[ 2.2927e-06]],

         [[ 5.3088e-07]],

         [[ 1.1995e-06]],

         [[-5.3665e-07]],

         [[-2.9017e-09]],

         [[ 3.3535e-07]],

         [[ 1.1487e-06]],

         [[-1.1300e-06]],

         [[ 3.9428e-07]],

         [[-5.0785e-07]],

         [[-2.9109e-07]],

         [[-6.7900e-07]],

         [[ 2.3036e-07]],

         [[ 3.7921e-07]],

         [[-6.1003e-08]],

         [[-1.6133e-07]],

         [[-4.4579e-07]],

         [[ 2.3503e-07]],

         [[-1.8753e-06]],

         [[ 1.2774e-07]],

         [[ 1.8536e-07]],

         [[-3.0477e-07]],

         [[-2.6116e-07]],

         [[-1.6146e-06]],

         [[-1.7772e-06]],

         [[-3.7209e-07]],

         [[ 8.9137e-07]],

         [[ 7.5519e-08]],

         [[ 9.7921e-06]],

         [[ 2.4658e-07]],

         [[ 2.5606e-07]],

         [[-3.6716e-07]],

         [[ 2.3643e-07]],

         [[-2.5858e-07]],

         [[ 1.0024e-06]],

         [[ 1.1186e-06]],

         [[-4.6405e-06]],

         [[-6.2068e-07]],

         [[ 6.4302e-07]],

         [[-7.7200e-07]],

         [[-5.7292e-07]],

         [[-6.7129e-08]],

         [[-1.1211e-06]],

         [[-5.1496e-07]],

         [[-6.4596e-07]],

         [[-1.2088e-06]],

         [[ 1.1690e-07]],

         [[-5.0070e-07]],

         [[-6.2795e-07]],

         [[ 8.0805e-07]],

         [[ 7.1609e-08]],

         [[-1.1572e-06]],

         [[ 4.5371e-07]],

         [[-6.6106e-07]],

         [[ 6.0696e-08]],

         [[ 3.3403e-07]],

         [[ 1.3395e-06]],

         [[ 5.5555e-07]],

         [[ 5.3581e-07]],

         [[ 7.5603e-07]],

         [[ 5.2309e-07]],

         [[ 1.3020e-06]],

         [[-1.2494e-06]],

         [[ 4.6068e-07]],

         [[-5.6178e-07]],

         [[-9.4071e-07]],

         [[ 1.7562e-09]],

         [[-2.2890e-06]],

         [[-4.9987e-06]],

         [[ 1.2859e-06]],

         [[-3.0768e-08]],

         [[ 5.0496e-06]],

         [[-2.5212e-06]],

         [[ 3.9978e-07]],

         [[-2.4152e-07]],

         [[-1.9133e-08]],

         [[ 3.6613e-07]],

         [[ 6.5792e-07]],

         [[-2.2392e-07]],

         [[ 2.5463e-07]],

         [[ 3.7184e-07]],

         [[ 2.6252e-07]],

         [[ 1.6847e-07]],

         [[ 4.9723e-07]],

         [[-3.2964e-06]],

         [[ 8.4257e-07]],

         [[ 8.2684e-07]],

         [[-4.6701e-07]],

         [[-1.1443e-06]],

         [[ 6.5991e-07]],

         [[-2.2323e-07]],

         [[ 1.1799e-06]],

         [[-1.5905e-06]],

         [[ 1.0928e-06]],

         [[ 1.0923e-06]],

         [[ 1.3576e-06]],

         [[-2.8424e-07]],

         [[ 1.3878e-06]],

         [[-2.7137e-07]],

         [[ 9.9345e-08]],

         [[-5.3945e-08]],

         [[-2.2631e-07]],

         [[-4.8064e-07]],

         [[-3.0973e-07]],

         [[ 2.0447e-06]],

         [[ 5.1489e-07]],

         [[ 6.7411e-07]],

         [[-3.3274e-07]],

         [[ 5.6693e-07]],

         [[-1.0793e-07]],

         [[-7.3224e-07]],

         [[ 6.8206e-07]],

         [[ 5.2923e-07]],

         [[-1.8610e-06]]]])

Key: conv8.bias
Shape: torch.Size([128])
Type: <class 'torch.Tensor'>
Device: cpu
Values: tensor([ 1.3419e-06, -1.3374e-05, -1.9558e-07, -1.8491e-06, -5.4035e-07])

Key: ln8.weight
Shape: torch.Size([128, 1, 1])
Type: <class 'torch.Tensor'>
Device: cpu
Values: tensor([[[0.5797]],

        [[0.5796]],

        [[0.5797]],

        [[0.5797]],

        [[0.5797]]])

Key: ln8.bias
Shape: torch.Size([128, 1, 1])
Type: <class 'torch.Tensor'>
Device: cpu
Values: tensor([[[-8.5162e-08]],

        [[ 4.4123e-07]],

        [[-2.2691e-08]],

        [[ 1.1390e-08]],

        [[-4.0665e-08]]])

Key: fc1.weight
Shape: torch.Size([1024, 128])
Type: <class 'torch.Tensor'>
Device: cpu
Values: tensor([[ 2.2943e-07,  2.0122e-07,  1.7834e-08, -5.8598e-08,  7.0943e-07,
          6.3284e-08, -2.1015e-07,  3.3872e-07,  2.6427e-08,  1.8381e-07,
          7.2911e-08, -4.6117e-08, -5.0168e-07, -1.0192e-07,  1.1393e-07,
         -1.1310e-07, -7.9879e-08, -2.8604e-07, -1.0632e-08, -1.5442e-07,
         -1.3922e-07, -3.5396e-07,  1.1513e-07,  2.8089e-08, -7.0507e-08,
          2.3281e-08, -1.5699e-07,  2.8083e-07, -5.2856e-08, -9.4018e-09,
         -1.5068e-07,  7.6560e-09, -2.1132e-07,  3.1886e-07,  3.9358e-07,
         -2.1456e-07,  1.6015e-08,  3.1661e-07,  7.3331e-07,  8.7151e-09,
         -1.7529e-08,  3.8722e-08,  1.8832e-07,  1.1166e-08,  1.5967e-07,
         -2.8864e-07,  1.9209e-08,  1.1812e-07, -7.2510e-08, -1.1048e-07,
          2.9867e-08, -4.1198e-08,  2.4640e-07,  1.5509e-07,  4.3320e-07,
          1.6017e-07, -1.4993e-07, -1.5066e-07, -1.7407e-08, -2.4247e-08,
         -2.1235e-07, -1.2469e-08, -2.1457e-08,  5.0013e-07,  3.7828e-07,
          4.3404e-08,  2.7779e-08, -6.7736e-08,  1.6525e-08,  1.6171e-07,
         -1.9362e-07, -4.7936e-07, -4.3391e-08,  1.0084e-07, -1.2570e-07,
         -3.4984e-07,  6.8335e-08, -5.2051e-07,  1.9058e-07, -1.6773e-07,
          3.8020e-07, -3.5875e-07, -2.6040e-09,  1.6228e-07, -5.4094e-08,
         -1.1419e-07,  4.3606e-08, -9.1894e-08,  3.4728e-08, -9.3477e-08,
         -3.6158e-08, -3.1239e-07, -2.7780e-07,  1.3903e-07, -7.2894e-07,
         -3.3186e-08,  9.0209e-08, -4.9230e-08,  2.5149e-08,  1.2889e-08,
         -4.9655e-07,  6.1810e-07, -1.2953e-07,  2.1677e-07,  8.6951e-10,
         -7.6391e-09,  9.5271e-09,  9.9636e-08, -1.3642e-07,  2.4929e-08,
         -3.7049e-08,  4.4073e-08,  1.2747e-07,  1.3183e-07,  8.2576e-08,
          1.5832e-07,  7.0376e-07, -1.4993e-07, -4.7584e-07, -1.0172e-08,
         -2.3355e-07, -2.4764e-07,  1.6855e-07,  1.0665e-07,  1.4631e-07,
         -3.0878e-08,  2.8012e-08,  2.7927e-07],
        [ 4.1249e-07, -4.8665e-07,  5.7072e-08, -2.1592e-07, -3.2029e-07,
          3.3454e-07,  1.6325e-07, -2.2106e-07, -2.8309e-07, -1.6844e-07,
          2.3583e-08, -3.2747e-07, -6.5634e-08, -5.5774e-08, -1.6913e-08,
         -4.3834e-08,  6.0699e-08, -6.8552e-08,  2.5822e-07, -7.0357e-07,
         -2.8376e-08,  2.4022e-08, -1.2452e-07, -2.1349e-07, -8.3423e-08,
          9.7056e-08,  4.1966e-09, -1.8552e-07,  4.8838e-07,  5.2489e-07,
          3.1254e-08,  1.5788e-08, -1.2308e-07,  6.0174e-08, -5.1997e-08,
         -4.1660e-07,  1.2495e-08, -4.8793e-08, -5.4009e-08,  4.1207e-07,
          3.5178e-08, -2.8085e-08,  8.0344e-09, -1.2948e-07, -3.5228e-07,
         -3.0914e-07, -5.9494e-08, -7.7132e-08, -3.2306e-09, -1.4331e-07,
          7.6276e-08,  4.6827e-07,  2.4089e-08,  5.1387e-08,  2.4058e-07,
          2.4213e-07, -1.5832e-07,  2.8123e-07,  1.6849e-08, -1.8851e-07,
         -6.4872e-07, -5.0299e-07, -1.0935e-08, -1.2464e-07, -2.7666e-07,
         -2.5431e-07, -6.3673e-08,  3.7502e-07,  3.8522e-08, -2.1233e-08,
          9.5915e-08, -3.7946e-08, -5.4224e-08,  7.9395e-09, -1.4056e-07,
          1.7069e-08,  6.0882e-09,  2.6269e-07, -6.0451e-07, -2.2801e-07,
          3.0721e-08, -1.7727e-08, -6.7778e-10, -1.6948e-07, -2.6107e-07,
         -4.7446e-08, -1.5291e-07, -1.4442e-07,  1.4423e-07,  3.7200e-07,
          3.4253e-07,  4.9944e-07,  9.1235e-09, -3.4912e-07,  2.2355e-07,
         -4.6820e-08, -5.0435e-07,  5.5258e-07,  2.7196e-07,  2.1154e-07,
          4.8895e-09,  3.7715e-07, -2.2396e-07, -2.1404e-07,  1.0243e-07,
          7.6173e-10, -1.9620e-07, -2.3356e-09, -3.1937e-08,  6.3545e-08,
          1.4163e-09, -1.0431e-07,  7.8029e-08, -1.1738e-07, -5.7930e-07,
          1.8591e-09,  1.2823e-07,  3.7086e-07, -3.9808e-08, -2.7885e-07,
         -1.6161e-07, -1.8368e-08,  3.3896e-07, -3.3801e-07,  5.1545e-07,
          8.0301e-09,  2.6581e-07, -4.7494e-07],
        [ 1.0171e-06, -4.9271e-06,  8.4482e-07, -2.8335e-07, -8.3810e-07,
          1.5666e-07,  4.7930e-06,  1.0233e-06,  2.4301e-07,  5.3231e-07,
         -4.3936e-07, -1.5449e-07,  2.1785e-07, -2.4333e-06,  2.6667e-08,
         -2.0301e-06, -6.4985e-07,  2.8348e-07, -3.0067e-07,  3.0691e-06,
         -1.4219e-06,  8.9383e-07, -1.6891e-06,  4.3733e-07, -1.3083e-06,
         -2.8240e-06,  2.2895e-06, -5.3633e-07,  1.3386e-06, -1.6556e-06,
          2.0309e-06,  3.5108e-07,  5.7126e-06, -2.0334e-06,  1.6034e-07,
         -3.0211e-07,  3.4639e-08,  5.4784e-08, -8.0500e-07, -5.5342e-06,
         -1.6137e-06,  2.1964e-07,  1.7565e-06, -4.0439e-07, -5.7748e-07,
         -6.8790e-07, -2.1187e-06, -1.6924e-05,  4.0656e-07, -2.4289e-06,
         -6.0454e-07, -7.4986e-07,  3.2393e-07, -1.3307e-06, -5.1011e-07,
         -1.4071e-06,  7.3013e-06, -7.1663e-07, -1.7842e-06, -1.9049e-06,
          2.2021e-05,  7.7794e-07,  7.7316e-07, -5.7166e-07,  3.6555e-07,
         -1.9451e-06,  2.2136e-07, -7.8214e-05,  4.8663e-07, -4.9571e-07,
          1.6656e-06,  1.2251e-06,  2.3866e-07,  8.6208e-07, -1.0882e-07,
          8.3130e-08,  7.6087e-07,  8.9675e-07,  5.0347e-06, -1.3981e-06,
         -6.1516e-07,  6.4340e-07, -1.4496e-06, -9.4941e-07, -3.0648e-06,
          2.0983e-07, -2.4488e-07, -5.1398e-07, -9.1335e-07, -2.5250e-06,
          4.2599e-07,  3.3556e-06, -6.2012e-07, -2.7336e-07, -3.4144e-06,
         -3.5712e-07,  1.4035e-06,  1.1767e-07,  6.6358e-07,  5.2768e-07,
         -1.5602e-07,  4.8892e-05, -6.5705e-07, -1.6646e-07, -1.0692e-06,
         -7.0341e-07,  3.4975e-07,  6.5726e-07, -8.7220e-07,  9.7627e-07,
          9.6962e-07, -5.3667e-07,  2.3541e-07, -2.1997e-06,  4.7431e-06,
         -5.3775e-07, -4.3324e-07,  5.5915e-08, -1.4592e-06, -6.6134e-06,
         -1.4604e-06, -2.2030e-06,  6.6368e-06,  6.6315e-07,  7.5344e-06,
          2.4025e-06, -4.2984e-06,  2.5634e-07],
        [-6.7765e-08, -3.2972e-09, -3.5975e-08,  3.6407e-07, -4.5814e-08,
          1.6512e-07, -1.4900e-07,  7.3600e-08, -2.6509e-07,  5.3973e-09,
         -3.0024e-08, -4.1432e-07, -1.8632e-07,  4.4291e-09,  2.6314e-08,
          2.8087e-07, -1.7719e-07,  4.3136e-08,  4.6414e-08, -6.9220e-07,
         -1.4069e-08,  4.2631e-08, -7.5900e-08, -2.0065e-07,  1.2548e-07,
          1.3331e-08,  2.0111e-07,  4.8276e-07, -1.5326e-07,  1.0233e-07,
         -5.2142e-07, -2.8149e-08, -6.7656e-08, -1.1606e-07, -2.2267e-07,
          3.4003e-08,  8.1803e-08,  2.2800e-07, -1.4333e-07,  1.0181e-07,
          1.2178e-08,  1.1305e-07,  7.9452e-08,  2.4903e-07, -3.3049e-07,
          3.8353e-07, -1.2668e-07,  5.7860e-07, -3.6655e-07,  3.0925e-07,
         -1.9376e-07, -4.4330e-08, -3.2439e-08,  4.1808e-07, -7.2857e-08,
         -1.1788e-07,  3.2729e-08, -3.5758e-07,  1.1343e-07,  2.2278e-08,
          1.1291e-06,  6.3683e-08, -1.2632e-07, -3.9172e-07,  1.8360e-08,
          1.1823e-07,  1.8929e-07,  8.4456e-07,  5.5990e-08,  2.1493e-07,
          2.5502e-08, -1.0121e-07, -9.8874e-08,  6.6502e-07,  3.3003e-07,
         -8.5277e-08,  8.5633e-08,  1.2861e-07,  1.5634e-07, -5.1267e-08,
         -1.4528e-07, -5.0059e-08,  1.3860e-07, -1.0761e-07,  7.7057e-08,
         -2.3185e-07, -8.2251e-08, -4.3490e-09, -7.3306e-07,  9.9734e-08,
          8.4409e-08,  5.0395e-07,  2.3761e-09,  2.0466e-07,  2.5482e-07,
         -7.8630e-08, -1.1187e-07, -8.8361e-09,  3.3977e-07, -4.4279e-08,
          1.1499e-07, -2.2485e-06, -3.0652e-07, -3.8717e-07, -9.2003e-08,
         -7.1411e-10, -1.4734e-07, -1.6504e-07, -1.2451e-07,  2.0168e-07,
         -2.1661e-07,  1.8729e-07, -7.8525e-08,  9.0157e-08, -2.9359e-07,
          1.5326e-08, -4.2736e-07,  9.6987e-08, -2.6313e-07,  6.7610e-08,
          3.5388e-08,  2.6435e-08,  2.9284e-07, -1.4199e-07,  4.9193e-07,
          7.9860e-08,  4.4508e-08, -3.0760e-07],
        [-1.5906e-07, -9.7184e-07, -2.9818e-07,  1.3029e-09,  3.0498e-07,
          1.2099e-07, -1.7178e-06,  2.8397e-07, -2.4805e-07,  3.0455e-07,
          4.3154e-07,  6.0458e-07,  6.2447e-07, -1.7976e-07,  4.3163e-07,
         -3.5467e-07,  2.6667e-07, -6.3775e-08,  2.6574e-07,  4.6230e-08,
         -3.5952e-08,  3.1698e-07, -3.3326e-07, -2.8544e-07,  2.2881e-07,
         -3.2249e-07,  3.5535e-07, -2.3610e-07, -2.0758e-07,  1.0553e-07,
         -1.3662e-07,  8.0385e-08,  7.5485e-07, -5.9479e-08, -1.6400e-07,
         -7.9532e-09, -9.4138e-08,  5.5706e-08,  2.1688e-07,  1.1138e-07,
          3.3920e-07,  3.7683e-07,  6.4927e-08,  5.8528e-08, -2.1682e-07,
         -2.8111e-07, -1.5603e-06,  1.6437e-06, -1.6076e-07, -2.9297e-07,
         -2.6112e-07,  3.7153e-07,  2.1078e-07,  3.4814e-07, -9.6224e-08,
         -7.9708e-07,  3.7418e-07,  3.4453e-07, -2.2448e-07,  4.2446e-07,
          3.5046e-06,  4.3053e-08, -4.0970e-07,  2.6179e-09,  1.7018e-07,
          2.0599e-09, -4.0081e-07, -1.5227e-06, -4.4789e-08,  7.0523e-08,
         -2.4452e-08,  3.6149e-07, -4.9012e-08, -2.6301e-07, -2.5985e-07,
          2.5321e-07,  1.2395e-07,  5.9162e-08,  3.6859e-07, -9.1925e-08,
         -5.0342e-07, -4.1385e-08, -1.2486e-07, -4.2179e-08,  1.0353e-07,
          1.6361e-07, -3.5786e-07, -6.7289e-08,  1.5518e-08, -2.6732e-07,
         -1.6486e-07, -2.1739e-07,  2.4243e-07, -4.1006e-07, -3.1678e-07,
          1.6766e-07,  6.7959e-07,  4.5434e-08, -4.8827e-09, -4.6909e-07,
          2.6746e-08, -2.8820e-06,  3.5955e-08, -3.6765e-07, -2.5645e-07,
         -1.4570e-07,  8.5130e-07, -2.0723e-08,  4.1072e-07, -3.3014e-07,
          3.3544e-07, -3.3368e-08, -1.3045e-07,  3.8409e-07, -3.9515e-08,
         -1.2583e-07,  3.8801e-07, -4.5262e-08, -2.5450e-07,  1.2729e-07,
          7.7259e-08, -3.3723e-07, -6.9891e-08, -7.3691e-07,  1.5560e-06,
          2.8905e-07, -8.2577e-08,  1.1882e-07]])

Key: fc1.bias
Shape: torch.Size([1024])
Type: <class 'torch.Tensor'>
Device: cpu
Values: tensor([-1.0584e-07, -4.8841e-07, -1.8543e-05, -1.2605e-07, -1.2667e-07])

Key: fc2.weight
Shape: torch.Size([512, 1024])
Type: <class 'torch.Tensor'>
Device: cpu
Values: tensor([[-2.3080e-08,  1.4411e-08,  4.6303e-11,  ...,  1.6760e-08,
          5.0083e-08, -4.1128e-08],
        [ 8.2498e-08, -1.3812e-07,  2.9367e-08,  ...,  1.7131e-08,
         -1.0065e-07, -8.4103e-09],
        [ 4.7832e-08, -1.8611e-08,  9.7720e-08,  ..., -1.1081e-07,
         -2.0518e-08, -8.2105e-10],
        [-9.1924e-09,  4.9227e-08, -5.1700e-07,  ...,  4.5704e-08,
         -1.8573e-08, -2.1322e-07],
        [-8.1271e-08, -4.3904e-08,  1.4519e-08,  ...,  8.7181e-08,
         -6.5258e-08, -6.3230e-08]])

Key: fc2.bias
Shape: torch.Size([512])
Type: <class 'torch.Tensor'>
Device: cpu
Values: tensor([-2.3485e-05, -1.1620e-04,  1.1167e-07,  1.7050e-04,  9.6373e-06])

Key: fc3.weight
Shape: torch.Size([1, 512])
Type: <class 'torch.Tensor'>
Device: cpu
Values: tensor([[-1.2829e-05, -6.2365e-05,  3.0142e-06,  3.7040e-04, -2.0793e-06,
         -2.3083e-05,  2.4878e-07,  1.0679e-05,  3.7380e-02,  2.1657e-06,
          1.8947e-05, -8.9427e-04,  1.0529e-04, -2.1405e-05, -6.7494e-06,
         -4.9288e-05, -4.6656e-04, -4.9294e-06,  1.3566e-05, -2.2970e-06,
          9.3634e-03, -9.9875e-04, -3.2630e-03, -6.1340e-06,  1.8938e-04,
         -4.7372e-05, -1.1592e-04,  3.4325e-03,  1.8490e-05, -7.4033e-05,
         -1.9811e-04, -6.4485e-04, -9.1123e-06,  2.8358e-05, -2.8483e-06,
         -3.6437e-05,  5.9376e-04,  2.3225e-05,  4.7443e-05,  5.4359e-04,
         -3.7767e-05,  2.9111e-04,  5.4081e-05, -2.4249e-05, -3.2449e-04,
          2.8733e-05, -3.4006e-04, -1.7084e-05, -4.9864e-03, -6.9527e-04,
         -1.0594e-05, -2.2208e-03, -4.5730e-05, -3.0798e-05,  6.5986e-05,
         -1.7336e-05, -4.0467e-04,  3.7794e-02, -1.2868e-06,  7.8735e-04,
          2.8235e-04,  2.1231e-03,  2.8342e-03,  5.6761e-03,  2.0907e-06,
          1.7876e-05, -8.7777e-05, -6.0695e-05, -9.3674e-06, -6.8694e-05,
         -5.3312e-04, -2.6204e-04,  2.2567e-03, -1.0160e-03, -2.7311e-03,
          2.7103e-07,  3.8055e-05, -2.5908e-05,  3.2983e-04,  2.0937e-03,
         -3.8233e-06, -1.2198e-06,  1.3045e-04, -8.6635e-04,  1.6030e-06,
         -1.5795e-04, -3.0882e-05,  2.0248e-03,  1.0701e-04, -2.3007e-03,
         -4.0782e-07, -3.9516e-05,  1.5484e-04,  1.0556e-05, -9.8269e-06,
          1.3852e-04,  1.9452e-05,  3.1958e-07,  8.0870e-04, -4.1669e-06,
         -1.8004e-05, -3.1930e-04, -4.6224e-04,  1.6748e-05, -3.0182e-08,
         -5.3413e-05, -8.7448e-07, -7.0135e-06, -9.7274e-05,  1.2550e-04,
         -2.3416e-06, -6.5276e-05, -3.6576e-06, -5.4956e-06, -8.1434e-04,
         -3.9868e-04, -3.1723e-04, -2.1898e-06, -4.6782e-05,  6.0375e-03,
          3.6513e-05, -8.6166e-05, -2.8113e-04, -5.8749e-06, -8.2671e-05,
         -8.3863e-06, -1.1035e-06, -5.0325e-05, -5.9492e-05,  2.2604e-06,
          2.6959e-06,  2.0039e-04,  7.4708e-05, -2.9058e-05, -5.2230e-03,
         -1.0868e-03, -6.5307e-04, -1.5102e-04,  2.3445e-04,  3.7336e-04,
         -4.2970e-05,  3.2176e-05, -1.4390e-04, -7.4306e-06, -8.9645e-07,
         -5.8534e-04, -1.8286e-05,  3.3246e-04, -2.3245e-05, -3.3627e-05,
          4.6287e-04,  8.3945e-03,  1.5809e-05,  6.8489e-04,  8.4267e-05,
          8.7737e-05, -2.3142e-03, -1.3515e-03, -3.8042e-03, -4.3305e-05,
         -2.1557e-05, -7.9689e-04,  3.4901e-05, -5.0516e-05, -1.4348e-04,
         -5.9292e-05, -3.9087e-04, -3.8069e-05, -6.8193e-03,  2.5116e-06,
          8.1544e-05, -6.2694e-04,  1.2671e-03, -1.9583e-05,  4.7666e-05,
          1.5112e-05,  3.9478e-04, -3.1484e-05, -2.1652e-04, -1.5488e-03,
         -4.3044e-07, -1.5358e-04,  8.5406e-03,  8.4476e-05, -7.7264e-05,
         -9.2364e-05,  8.9425e-05,  2.2873e-06,  9.3440e-03, -9.6717e-05,
          4.7159e-05,  3.5568e-05, -1.1036e-04,  6.6480e-06,  5.8047e-03,
          4.2068e-02,  4.1513e-06, -7.0034e-05, -7.2770e-05,  1.5891e-06,
         -3.2240e-07,  7.3597e-05,  3.4789e-05,  1.3122e-04, -6.5139e-05,
          1.5249e-05,  4.1767e-04, -2.3907e-05, -1.2855e-03, -1.6771e-04,
          3.4714e-05, -7.9384e-05,  6.8117e-05,  6.7707e-04, -1.5772e-03,
          4.0649e-05, -1.2734e-03,  9.7945e-05, -3.3405e-04,  1.2662e-03,
         -5.8744e-05, -1.1732e-03,  6.7835e-03, -9.1383e-04, -2.2499e-04,
         -2.6794e-04,  6.6180e-05, -3.4167e-07, -4.2861e-05, -8.1097e-04,
          1.0091e-05,  1.4022e-05, -3.2017e-05, -1.7931e-04,  8.1610e-06,
         -1.6132e-05, -4.8980e-04,  1.0530e-03, -7.7080e-04, -4.4612e-03,
         -1.1152e-03,  3.8504e-07,  4.8287e-06, -3.2907e-05,  2.0066e-05,
         -6.1991e-04,  5.0246e-02,  3.2603e-03,  3.4260e-03,  3.7738e-05,
         -4.9677e-06,  1.7452e-04, -8.1492e-05,  7.1519e-05, -4.5425e-06,
         -1.8585e-06,  2.2253e-02,  5.6757e-04,  5.9986e-05, -1.4979e-04,
          4.0955e-04, -7.8555e-05,  8.4029e-03, -2.0474e-05, -1.5348e-04,
          3.5669e-05, -6.3842e-06,  1.3349e-06,  3.6746e-04, -2.7575e-05,
          1.1915e-03, -1.9993e-05,  5.4540e-05, -2.9627e-05,  7.1194e-04,
          1.6607e-05, -6.9085e-05,  3.9472e-05, -9.0753e-04, -1.8191e-05,
         -8.6685e-03,  7.2976e-04, -2.0625e-05,  7.3400e-06,  5.1607e-06,
         -1.4745e-04, -5.4495e-03,  3.2732e-05, -1.2224e-07, -2.0949e-05,
          3.8398e-07, -2.2864e-04,  1.5386e-08, -4.8916e-05,  6.7543e-06,
         -1.1012e-04,  5.4295e-08,  1.2685e-03, -8.6176e-05, -2.6759e-04,
          1.6294e-07, -2.2268e-04,  1.3546e-04,  9.2466e-07, -4.8955e-04,
         -5.6681e-06,  4.7635e-04,  1.2709e-06,  4.1842e-06,  3.6755e-02,
         -1.3233e-04,  2.6638e-05, -1.5766e-05,  7.9783e-07,  9.5213e-05,
         -4.5513e-06, -2.5473e-04, -3.0285e-05,  4.3094e-04,  1.2858e-05,
          2.4810e-07, -8.7016e-06, -3.9836e-06,  7.4807e-05, -1.6147e-05,
          1.6267e-03, -6.6279e-04,  7.7925e-06,  6.2774e-06, -3.2222e-04,
         -4.3382e-03, -5.7553e-05,  2.2343e-05, -2.1821e-04,  9.9540e-03,
          2.5641e-06,  3.3717e-04, -2.9515e-05,  1.6080e-03, -1.3906e-05,
          4.1522e-05,  7.3048e-06, -1.2613e-05, -3.1339e-05,  4.1120e-05,
         -1.1663e-05, -3.4173e-04,  1.9172e-04,  7.4698e-03, -3.0580e-06,
          6.6506e-05, -2.1117e-03, -3.8852e-04, -6.6968e-03, -1.4833e-03,
          1.6914e-03,  7.3837e-06,  5.2747e-06, -3.2176e-03,  3.1593e-03,
         -1.1812e-04, -1.6308e-05,  1.5015e-04,  6.8623e-05, -3.9529e-05,
         -3.8459e-04,  3.0202e-06,  4.1573e-08, -3.8734e-04,  6.2161e-04,
          3.8859e-03,  1.4199e-04,  1.4046e-03, -3.7638e-03,  1.9244e-05,
         -1.1901e-06, -2.3447e-04, -2.3664e-05, -6.3171e-04, -3.3830e-03,
          4.3088e-04,  1.0646e-04,  7.7520e-05, -6.8602e-04,  2.3701e-07,
         -2.8194e-05, -9.7856e-05,  1.0337e-05,  5.7452e-05, -2.4928e-04,
         -1.6288e-05, -4.3300e-05, -9.3973e-06,  2.1962e-05,  1.1919e-04,
         -1.0609e-08, -5.2864e-06,  3.1519e-03, -2.9563e-05,  1.0163e-04,
          1.2887e-06, -2.4507e-05, -7.2087e-05,  6.7154e-07,  8.5124e-05,
          8.9721e-04, -2.0025e-03,  5.5204e-06, -2.3790e-04, -2.3013e-05,
         -2.5369e-05,  5.6178e-04, -3.9548e-04, -3.7772e-06, -8.3769e-07,
          5.5929e-03,  1.6984e-05, -3.9026e-03, -1.9481e-04, -2.6953e-04,
          9.3616e-05,  8.3081e-06,  1.2945e-04,  2.6470e-05,  4.6638e-04,
         -1.3888e-06,  1.3556e-04, -3.5085e-03,  1.0765e-04,  4.9243e-04,
         -1.2719e-04, -2.4278e-04,  1.3117e-04, -4.9079e-04,  3.0763e-05,
         -3.6042e-03, -1.2570e-05, -2.6547e-04, -2.4613e-07, -3.3560e-05,
         -6.5132e-03, -3.8952e-03, -1.3873e-03, -4.3141e-04, -1.3580e-03,
          9.5087e-05,  1.0238e-05, -1.6307e-04, -2.7014e-04,  1.0468e-03,
         -3.3587e-04, -1.9670e-05,  1.7828e-05,  4.0630e-05, -4.4094e-04,
         -2.7067e-04,  1.0954e-05, -1.6472e-07, -5.2097e-06, -1.5601e-03,
          9.7128e-05,  2.0660e-06,  2.1335e-02,  3.2592e-06, -1.8281e-04,
         -2.2856e-04, -3.8283e-05,  3.1561e-06,  1.0292e-03, -1.2948e-04,
         -1.7814e-06, -2.4895e-04,  9.6379e-06, -1.0056e-03, -9.5364e-07,
          1.5035e-04,  1.4364e-02,  1.8663e-05,  2.1259e-03,  2.9578e-06,
          1.6537e-04, -4.7544e-06,  5.7309e-05, -1.5200e-04,  2.3804e-04,
         -1.0708e-04,  1.3297e-04,  5.2290e-05,  1.0541e-04, -1.0385e-05,
          7.8550e-03,  1.0015e-05,  1.5571e-05, -1.9066e-05,  1.1668e-03,
         -2.6133e-05, -4.2846e-04, -4.7708e-04, -2.8029e-03, -3.4609e-05,
         -2.7204e-05,  6.1673e-04, -2.0101e-06, -7.7216e-06, -5.3293e-05,
          7.2703e-04, -2.7169e-06, -1.0083e-03,  5.2829e-03,  2.5587e-04,
         -5.0168e-04, -2.2391e-04]])

Key: fc3.bias
Shape: torch.Size([1])
Type: <class 'torch.Tensor'>
Device: cpu
Values: tensor([0.2886])
